00000  0.00000000E+00  2.00000000E+01  4.62756513E+00  7.77220894E-01  4.52997033E+00  7.53250597E+00  3.61638838E+00  1.53477876E+01 -6.13473587E+00  6.99115437E-01  2.81392784E-01  1.86733787E-04  1.32606015E-02  6.33348907E-04  7.36348598E+03  1.24467274E+04  4.90615746E+06  5.17532777E+01  4.45986587E+04  5.67065574E-20  0.00000000E+00  1.10172783E-04  0.00000000E+00  0.00000000E+00  0.00000000E+00  0.00000000E+00  0.00000000E+00  0.00000000E+00
00001  2.79508497E+01  2.00000000E+01  4.63918288E+00  7.79657129E-01  4.53165665E+00  7.53319759E+00  3.61280109E+00  1.53457577E+01 -6.14542192E+00  6.99098970E-01  2.81409130E-01  1.86053589E-04  1.32613436E-02  6.33407773E-04  7.42570714E+03  1.20503924E+04  4.77665337E+06  5.16565419E+01  4.53534305E+04  5.93361203E-20  0.00000000E+00  1.11729619E-04  0.00000000E+00  0.00000000E+00  0.00000000E+00  0.00000000E+00  0.00000000E+00  0.00000000E+00
00002  5.59016994E+01  2.00000000E+01  4.63828503E+00  7.79531879E-01  4.53149481E+00  7.53319568E+00  3.61280178E+00  1.53457510E+01 -6.14542313E+00  6.99082733E-01  2.81425430E-01  1.86408748E-04  1.32609554E-02  6.33377923E-04  7.42249549E+03  1.20788140E+04  4.78653877E+06  5.16549884E+01  4.53580941E+04  5.93805590E-20  0.00000000E+00  1.11730858E-04  0.00000000E+00  0.00000000E+00  0.00000000E+00  0.00000000E+00  0.00000000E+00  0.00000000E+00
00003  8.94427191E+01  1.99999999E+01  4.63854720E+00  7.79569001E-01  4.53154180E+00  7.53319701E+00  3.61281055E+00  1.53457549E+01 -6.14541887E+00  6.99063257E-01  2.81444969E-01  1.86757284E-04  1.32605823E-02  6.33339625E-04  7.42344724E+03  1.20704926E+04  4.78365009E+06  5.16550033E+01  4.53680984E+04  5.94395277E-20  0.00000000E+00  1.11732014E-04  0.00000000E+00  0.00000000E+00  0.00000000E+00  0.00000000E+00  0.00000000E+00  0.00000000E+00
00004  1.29691943E+02  1.99999999E+01  4.63874624E+00  7.79596856E-01  4.53157763E+00  7.53319867E+00  3.61282111E+00  1.53457597E+01 -6.14541390E+00  6.99039898E-01  2.81468384E-01  1.87061805E-04  1.32602673E-02  6.33293512E-04  7.42416147E+03  1.20641881E+04  4.78145824E+06  5.16550671E+01  4.53778541E+04  5.94966472E-20  0.00000000E+00  1.11733576E-04  0.00000000E+00  0.00000000E+00  0.00000000E+00  0.00000000E+00  0.00000000E+00  0.00000000E+00
00005  1.77991011E+02  1.99999998E+01  4.63888644E+00  7.79617133E-01  4.53160254E+00  7.53320068E+00  3.61283367E+00  1.53457654E+01 -6.14540824E+00  6.99011890E-01  2.81496441E-01  1.87313712E-04  1.32600219E-02  6.33238107E-04  7.42468143E+03  1.20597310E+04  4.77991491E+06  5.16551532E+01  4.53870762E+04  5.95505715E-20  0.00000000E+00  1.11735529E-04  0.00000000E+00  0.00000000E+00  0.00000000E+00  0.00000000E+00  0.00000000E+00  0.00000000E+00
00006  2.35949893E+02  1.99999997E+01  4.63898535E+00  7.79631876E-01  4.53161990E+00  7.53320307E+00  3.61284851E+00  1.53457720E+01 -6.14540187E+00  6.98978315E-01  2.81530057E-01  1.87510103E-04  1.32598510E-02  6.33171599E-04  7.42505953E+03  1.20565752E+04  4.77882637E+06  5.16552357E+01  4.53955503E+04  5.96004143E-20  0.00000000E+00  1.11737868E-04  0.00000000E+00  0.00000000E+00  0.00000000E+00  0.00000000E+00  0.00000000E+00  0.00000000E+00
00007  3.05500551E+02  1.99999996E+01  4.63905501E+00  7.79642529E-01  4.53163198E+00  7.53320587E+00  3.61286601E+00  1.53457796E+01 -6.14539473E+00  6.98938080E-01  2.81570326E-01  1.87653574E-04  1.32597534E-02  6.33091821E-04  7.42533275E+03  1.20543457E+04  4.77805990E+06  5.16552880E+01  4.54031658E+04  5.96459265E-20  0.00000000E+00  1.11740596E-04  0.00000000E+00  0.00000000E+00  0.00000000E+00  0.00000000E+00  0.00000000E+00  0.00000000E+00
00008  3.88961341E+02  1.99999995E+01  4.63910364E+00  7.79650134E-01  4.53164034E+00  7.53320915E+00  3.61288662E+00  1.53457883E+01 -6.14538671E+00  6.98889877E-01  2.81618557E-01  1.87751370E-04  1.32597230E-02  6.32996190E-04  7.42552782E+03  1.20527850E+04  4.77752493E+06  5.16552813E+01  4.54099325E+04  5.96875727E-20  0.00000000E+00  1.11743724E-04  0.00000000E+00  0.00000000E+00  0.00000000E+00  0.00000000E+00  0.00000000E+00  0.00000000E+00
00009  4.89114289E+02  1.99999994E+01  4.63913701E+00  7.79655475E-01  4.53164601E+00  7.53321297E+00  3.61291086E+00  1.53457981E+01 -6.14537771E+00  6.98832148E-01  2.81676311E-01  1.87813575E-04  1.32597507E-02  6.32881628E-04  7.42566482E+03  1.20517104E+04  4.77715777E+06  5.16551805E+01  4.54159731E+04  5.97264751E-20  0.00000000E+00  1.11747265E-04  0.00000000E+00  0.00000000E+00  0.00000000E+00  0.00000000E+00  0.00000000E+00  0.00000000E+00
00010  6.09297827E+02  1.99999992E+01  4.63915930E+00  7.79659164E-01  4.53164974E+00  7.53321739E+00  3.61293938E+00  1.53458093E+01 -6.14536761E+00  6.98763033E-01  2.81745450E-01  1.87850904E-04  1.32598271E-02  6.32744476E-04  7.42575945E+03  1.20509894E+04  4.77691257E+06  5.16549401E+01  4.54214934E+04  5.97642385E-20  0.00000000E+00  1.11751225E-04  0.00000000E+00  0.00000000E+00  0.00000000E+00  0.00000000E+00  0.00000000E+00  0.00000000E+00
00011  7.53518072E+02  1.99999990E+01  4.63917351E+00  7.79661694E-01  4.53165203E+00  7.53322250E+00  3.61297290E+00  1.53458219E+01 -6.14535628E+00  6.98680316E-01  2.81828191E-01  1.87872819E-04  1.32599451E-02  6.32580388E-04  7.42582439E+03  1.20505246E+04  4.77675622E+06  5.16544972E+01  4.54267345E+04  5.98027042E-20  0.00000000E+00  1.11755590E-04  0.00000000E+00  0.00000000E+00  0.00000000E+00  0.00000000E+00  0.00000000E+00  0.00000000E+00
00012  9.26582367E+02  1.99999988E+01  4.63924017E+00  7.79644329E-01  4.53167738E+00  7.53325388E+00  3.61299423E+00  1.53459607E+01 -6.14526082E+00  6.98947479E-01  2.81557273E-01  1.69298237E-04  1.32770023E-02  6.37852560E-04  7.42537906E+03  1.20491565E+04  4.77602301E+06  5.16838753E+01  4.47835690E+04  5.61280983E-20  0.00000000E+00  1.11827867E-04  0.00000000E+00  0.00000000E+00  0.00000000E+00  0.00000000E+00  0.00000000E+00  0.00000000E+00
00013  1.13425952E+03  1.99999985E+01  4.63932008E+00  7.79619735E-01  4.53170965E+00  7.53330314E+00  3.61314736E+00  1.53461667E+01 -6.14506997E+00  6.98963561E-01  2.81540260E-01  1.66543993E-04  1.32769104E-02  6.41629936E-04  7.42474840E+03  1.20476216E+04  4.77514422E+06  5.17214615E+01  4.47448580E+04  5.56479595E-20  0.00000000E+00  1.11923910E-04  0.00000000E+00  0.00000000E+00  0.00000000E+00  0.00000000E+00  0.00000000E+00  0.00000000E+00
00014  1.38347210E+03  1.99999982E+01  4.63940438E+00  7.79594542E-01  4.53174332E+00  7.53335475E+00  3.61331116E+00  1.53463776E+01 -6.14487850E+00  6.98952500E-01  2.81550816E-01  1.66289806E-04  1.32739691E-02  6.45330299E-04  7.42410244E+03  1.20459818E+04  4.77421742E+06  5.17593780E+01  4.48623912E+04  5.58416243E-20  0.00000000E+00  1.12022976E-04  0.00000000E+00  0.00000000E+00  0.00000000E+00  0.00000000E+00  0.00000000E+00  0.00000000E+00
00015  1.68252720E+03  1.99999978E+01  4.63947336E+00  7.79569728E-01  4.53177297E+00  7.53340205E+00  3.61345749E+00  1.53465651E+01 -6.14471708E+00  6.98933228E-01  2.81569658E-01  1.66665945E-04  1.32700807E-02  6.49272672E-04  7.42346625E+03  1.20447564E+04  4.77345908E+06  5.17929509E+01  4.50204407E+04  5.62123581E-20  0.00000000E+00  1.12113699E-04  0.00000000E+00  0.00000000E+00  0.00000000E+00  0.00000000E+00  0.00000000E+00  0.00000000E+00
00016  2.04139332E+03  1.99999973E+01  4.63952333E+00  7.79547526E-01  4.53179657E+00  7.53344105E+00  3.61357220E+00  1.53467122E+01 -6.14460279E+00  6.98908543E-01  2.81593890E-01  1.67209683E-04  1.32656444E-02  6.53617812E-04  7.42289712E+03  1.20439857E+04  4.77290977E+06  5.18191084E+01  4.51749450E+04  5.66012907E-20  0.00000000E+00  1.12188579E-04  0.00000000E+00  0.00000000E+00  0.00000000E+00  0.00000000E+00  0.00000000E+00  0.00000000E+00
00017  2.47203267E+03  1.99999968E+01  4.63954925E+00  7.79528875E-01  4.53181237E+00  7.53346939E+00  3.61364773E+00  1.53468091E+01 -6.14454465E+00  6.98878822E-01  2.81623093E-01  1.67759405E-04  1.32607386E-02  6.58491404E-04  7.42241905E+03  1.20437835E+04  4.77262478E+06  5.18359691E+01  4.53058818E+04  5.69436474E-20  0.00000000E+00  1.12242955E-04  0.00000000E+00  0.00000000E+00  0.00000000E+00  0.00000000E+00  0.00000000E+00  0.00000000E+00
00018  2.98879988E+03  1.99999961E+01  4.63954677E+00  7.79513976E-01  4.53181920E+00  7.53348623E+00  3.61368217E+00  1.53468530E+01 -6.14454428E+00  6.98843751E-01  2.81657557E-01  1.68251366E-04  1.32553333E-02  6.64013035E-04  7.42203725E+03  1.20442645E+04  4.77265184E+06  5.18428136E+01  4.54045581E+04  5.72128487E-20  0.00000000E+00  1.12274923E-04  0.00000000E+00  0.00000000E+00  0.00000000E+00  0.00000000E+00  0.00000000E+00  0.00000000E+00
00019  3.60892054E+03  1.99999953E+01  4.63951433E+00  7.79502959E-01  4.53181660E+00  7.53349225E+00  3.61367914E+00  1.53468477E+01 -6.14459615E+00  6.98802686E-01  2.81697903E-01  1.68661967E-04  1.32493469E-02  6.70307106E-04  7.42175499E+03  1.20454687E+04  4.77300813E+06  5.18400968E+01  4.54691769E+04  5.74031159E-20  0.00000000E+00  1.12285391E-04  0.00000000E+00  0.00000000E+00  0.00000000E+00  0.00000000E+00  0.00000000E+00  0.00000000E+00
00020  4.35306533E+03  1.99999943E+01  4.63945796E+00  7.79496798E-01  4.53180559E+00  7.53348960E+00  3.61364721E+00  1.53468033E+01 -6.14468840E+00  6.98754756E-01  2.81744987E-01  1.68986167E-04  1.32426674E-02  6.77508624E-04  7.42159725E+03  1.20472019E+04  4.77362742E+06  5.18293983E+01  4.55027940E+04  5.75223117E-20  0.00000000E+00  1.12278041E-04  0.00000000E+00  0.00000000E+00  0.00000000E+00  0.00000000E+00  0.00000000E+00  0.00000000E+00
00021  5.24603907E+03  1.99999931E+01  4.63939194E+00  7.79497392E-01  4.53178879E+00  7.53348164E+00  3.61359880E+00  1.53467350E+01 -6.14480480E+00  6.98698873E-01  2.81799877E-01  1.69227805E-04  1.32351592E-02  6.85767183E-04  7.42161268E+03  1.20490155E+04  4.77435287E+06  5.18132237E+01  4.55118749E+04  5.75875480E-20  0.00000000E+00  1.12258973E-04  0.00000000E+00  0.00000000E+00  0.00000000E+00  0.00000000E+00  0.00000000E+00  0.00000000E+00
00022  6.31760757E+03  1.99999917E+01  4.63933542E+00  7.79506839E-01  4.53176993E+00  7.53347252E+00  3.61354808E+00  1.53466604E+01 -6.14492790E+00  6.98633725E-01  2.81863868E-01  1.69394648E-04  1.32266671E-02  6.95250036E-04  7.42185512E+03  1.20503201E+04  4.77497399E+06  5.17946134E+01  4.55048100E+04  5.76211376E-20  0.00000000E+00  1.12235895E-04  0.00000000E+00  0.00000000E+00  0.00000000E+00  0.00000000E+00  0.00000000E+00  0.00000000E+00
00023  7.60348976E+03  1.99999900E+01  4.63930645E+00  7.79526211E-01  4.53175300E+00  7.53346646E+00  3.61350829E+00  1.53465964E+01 -6.14504274E+00  6.98557738E-01  2.81938511E-01  1.69495601E-04  1.32170169E-02  7.06144183E-04  7.42235202E+03  1.20505842E+04  4.77529207E+06  5.17765910E+01  4.54902588E+04  5.76463062E-20  0.00000000E+00  1.12216891E-04  0.00000000E+00  0.00000000E+00  0.00000000E+00  0.00000000E+00  0.00000000E+00  0.00000000E+00
00024  9.14654839E+03  1.99999880E+01  4.63931549E+00  7.79554589E-01  4.53174108E+00  7.53346701E+00  3.61348930E+00  1.53465562E+01 -6.14514008E+00  6.98469037E-01  2.82025655E-01  1.69539026E-04  1.32060177E-02  7.18656762E-04  7.42307992E+03  1.20495436E+04  4.77519219E+06  5.17615658E+01  4.54755012E+04  5.76830274E-20  0.00000000E+00  1.12208963E-04  0.00000000E+00  0.00000000E+00  0.00000000E+00  0.00000000E+00  0.00000000E+00  0.00000000E+00
00025  1.09982187E+04  1.99999855E+01  4.63936236E+00  7.79589162E-01  4.53173551E+00  7.53347650E+00  3.61349609E+00  1.53465466E+01 -6.14521778E+00  6.98365390E-01  2.82127506E-01  1.69531773E-04  1.31934648E-02  7.33012619E-04  7.42396682E+03  1.20472812E+04  4.77467630E+06  5.17508925E+01  4.54652455E+04  5.77450426E-20  0.00000000E+00  1.12216839E-04  0.00000000E+00  0.00000000E+00  0.00000000E+00  0.00000000E+00  0.00000000E+00  0.00000000E+00
00026  1.32202232E+04  1.99999826E+01  4.63943893E+00  7.79626666E-01  4.53173590E+00  7.53349586E+00  3.61352908E+00  1.53465687E+01 -6.14527975E+00  6.98244142E-01  2.82246690E-01  1.69478800E-04  1.31791457E-02  7.49447901E-04  7.42492911E+03  1.20441137E+04  4.77383384E+06  5.17447843E+01  4.54613547E+04  5.78391875E-20  0.00000000E+00  1.12242569E-04  0.00000000E+00  0.00000000E+00  0.00000000E+00  0.00000000E+00  0.00000000E+00  0.00000000E+00
00027  1.58866285E+04  1.99999791E+01  4.63953592E+00  7.79665050E-01  4.53174095E+00  7.53352510E+00  3.61358589E+00  1.53466195E+01 -6.14533324E+00  6.98102140E-01  2.82386333E-01  1.69383315E-04  1.31628500E-02  7.68198950E-04  7.42591418E+03  1.20403559E+04  4.77276703E+06  5.17426143E+01  4.54635865E+04  5.79672384E-20  0.00000000E+00  1.12286142E-04  0.00000000E+00  0.00000000E+00  0.00000000E+00  0.00000000E+00  0.00000000E+00  0.00000000E+00
00028  1.90863149E+04  1.99999748E+01  4.63964802E+00  7.79704286E-01  4.53174936E+00  7.53356381E+00  3.61366352E+00  1.53466948E+01 -6.14538600E+00  6.97935636E-01  2.82550153E-01  1.69247286E-04  1.31443822E-02  7.89486318E-04  7.42692136E+03  1.20361558E+04  4.77153419E+06  5.17433831E+01  4.54708125E+04  5.81289582E-20  0.00000000E+00  1.12346626E-04  0.00000000E+00  0.00000000E+00  0.00000000E+00  0.00000000E+00  0.00000000E+00  0.00000000E+00
00029  2.29259385E+04  1.99999698E+01  4.63977540E+00  7.79746160E-01  4.53176027E+00  7.53361173E+00  3.61375969E+00  1.53467912E+01 -6.14544501E+00  6.97740182E-01  2.82742577E-01  1.69072096E-04  1.31235796E-02  8.13494291E-04  7.42799651E+03  1.20314598E+04  4.77013366E+06  5.17460757E+01  4.54820264E+04  5.83246219E-20  0.00000000E+00  1.12423163E-04  0.00000000E+00  0.00000000E+00  0.00000000E+00  0.00000000E+00  0.00000000E+00  0.00000000E+00
00030  2.75334869E+04  1.99999637E+01  4.63992226E+00  7.79793569E-01  4.53177328E+00  7.53366894E+00  3.61387307E+00  1.53469060E+01 -6.14551657E+00  6.97510489E-01  2.82968878E-01  1.68859118E-04  1.31003322E-02  8.40346759E-04  7.42921405E+03  1.20260718E+04  4.76851944E+06  5.17497753E+01  4.54967731E+04  5.85560873E-20  0.00000000E+00  1.12515403E-04  0.00000000E+00  0.00000000E+00  0.00000000E+00  0.00000000E+00  0.00000000E+00  0.00000000E+00
00031  3.30625450E+04  1.99999564E+01  4.64009478E+00  7.79850008E-01  4.53178819E+00  7.53373571E+00  3.61400279E+00  1.53470373E+01 -6.14560740E+00  6.97240262E-01  2.83235347E-01  1.68610216E-04  1.30746052E-02  8.70080915E-04  7.43066373E+03  1.20197246E+04  4.76662384E+06  5.17535699E+01  4.55151381E+04  5.88268296E-20  0.00000000E+00  1.12623385E-04  0.00000000E+00  0.00000000E+00  0.00000000E+00  0.00000000E+00  0.00000000E+00  0.00000000E+00
00032  3.96974146E+04  1.99999476E+01  4.64029999E+00  7.79919443E-01  4.53180477E+00  7.53381246E+00  3.61414787E+00  1.53471826E+01 -6.14572561E+00  6.96921993E-01  2.83549501E-01  1.68328085E-04  1.30464618E-02  9.02620939E-04  7.43244760E+03  1.20121153E+04  4.76437001E+06  5.17563973E+01  4.55375454E+04  5.91414392E-20  0.00000000E+00  1.12747283E-04  0.00000000E+00  0.00000000E+00  0.00000000E+00  0.00000000E+00  0.00000000E+00  0.00000000E+00
00033  4.76592583E+04  1.99999371E+01  4.64054564E+00  7.80006472E-01  4.53182267E+00  7.53389960E+00  3.61430680E+00  1.53473387E+01 -6.14588132E+00  6.96546719E-01  2.83920331E-01  1.68016595E-04  1.30160832E-02  9.37754757E-04  7.43468400E+03  1.20029045E+04  4.76167332E+06  5.17569376E+01  4.55646267E+04  5.95053492E-20  0.00000000E+00  1.12887199E-04  0.00000000E+00  0.00000000E+00  0.00000000E+00  0.00000000E+00  0.00000000E+00  0.00000000E+00
00034  5.72134706E+04  1.99999244E+01  4.64084056E+00  7.80116596E-01  4.53184134E+00  7.53399753E+00  3.61447737E+00  1.53475014E+01 -6.14608728E+00  6.96103709E-01  2.84358615E-01  1.67681030E-04  1.29837820E-02  9.75117806E-04  7.43751470E+03  1.19917002E+04  4.75843793E+06  5.17535166E+01  4.55971940E+04  5.99248014E-20  0.00000000E+00  1.13043015E-04  0.00000000E+00  0.00000000E+00  0.00000000E+00  0.00000000E+00  0.00000000E+00  0.00000000E+00
00035  6.86785254E+04  1.99999092E+01  4.64119506E+00  7.80256447E-01  4.53186004E+00  7.53410659E+00  3.61465659E+00  1.53476651E+01 -6.14635916E+00  6.95580090E-01  2.84877291E-01  1.67328194E-04  1.29500071E-02  1.01418815E-03  7.44111095E+03  1.19780397E+04  4.75455172E+06  5.17440415E+01  4.56362393E+04  6.04071284E-20  0.00000000E+00  1.13214407E-04  0.00000000E+00  0.00000000E+00  0.00000000E+00  0.00000000E+00  0.00000000E+00  0.00000000E+00
00036  8.24365911E+04  1.99998909E+01  4.64162145E+00  7.80434013E-01  4.53187785E+00  7.53422720E+00  3.61484076E+00  1.53478227E+01 -6.14671598E+00  6.94960389E-01  2.85491918E-01  1.66966395E-04  1.29153341E-02  1.05429679E-03  7.44567932E+03  1.19613720E+04  4.74988164E+06  5.17259408E+01  4.56829806E+04  6.09611891E-20  0.00000000E+00  1.13400917E-04  0.00000000E+00  0.00000000E+00  0.00000000E+00  0.00000000E+00  0.00000000E+00  0.00000000E+00
00037  9.89462700E+04  1.99998689E+01  4.64213447E+00  7.80658840E-01  4.53189369E+00  7.53435992E+00  3.61502561E+00  1.53479664E+01 -6.14718044E+00  6.94225958E-01  2.86221244E-01  1.66605223E-04  1.28804430E-02  1.09465386E-03  7.45146741E+03  1.19410413E+04  4.74426889E+06  5.16961917E+01  4.57389107E+04  6.15978779E-20  0.00000000E+00  1.13602108E-04  0.00000000E+00  0.00000000E+00  0.00000000E+00  0.00000000E+00  0.00000000E+00  0.00000000E+00
00038  1.18757885E+05  1.99998425E+01  4.64275179E+00  7.80942332E-01  4.53190628E+00  7.53450551E+00  3.61520633E+00  1.53480867E+01 -6.14777963E+00  6.93354274E-01  2.87087904E-01  1.66255319E-04  1.28460857E-02  1.13438594E-03  7.45877198E+03  1.19162673E+04  4.73752373E+06  5.16511968E+01  4.58058690E+04  6.23312052E-20  0.00000000E+00  1.13817661E-04  0.00000000E+00  0.00000000E+00  0.00000000E+00  0.00000000E+00  0.00000000E+00  0.00000000E+00
00039  1.42531822E+05  1.99998107E+01  4.64349473E+00  7.81298052E-01  4.53191415E+00  7.53466516E+00  3.61537779E+00  1.53481734E+01 -6.14854548E+00  6.92318069E-01  2.88119281E-01  1.65927972E-04  1.28130547E-02  1.17257209E-03  7.46794750E+03  1.18861223E+04  4.72941872E+06  5.15868143E+01  4.58861056E+04  6.31789522E-20  0.00000000E+00  1.14047635E-04  0.00000000E+00  0.00000000E+00  0.00000000E+00  0.00000000E+00  0.00000000E+00  0.00000000E+00
00040  1.71060548E+05  1.99997724E+01  4.64438900E+00  7.81742159E-01  4.53191567E+00  7.53484058E+00  3.61553470E+00  1.53482151E+01 -6.14951568E+00  6.91084265E-01  2.89348575E-01  1.65635046E-04  1.27821659E-02  1.20826415E-03  7.47941848E+03  1.18495035E+04  4.71968120E+06  5.14982086E+01  4.59823825E+04  6.41641167E-20  0.00000000E+00  1.14292671E-04  0.00000000E+00  0.00000000E+00  0.00000000E+00  0.00000000E+00  0.00000000E+00  0.00000000E+00
00041  2.05295018E+05  1.99997263E+01  4.64546569E+00  7.82293971E-01  4.53190893E+00  7.53503421E+00  3.61567177E+00  1.53481996E+01 -6.15073476E+00  6.89612647E-01  2.90816125E-01  1.65389085E-04  1.27542615E-02  1.24048289E-03  7.49369564E+03  1.18050995E+04  4.70798395E+06  5.13797505E+01  4.60980875E+04  6.53163350E-20  0.00000000E+00  1.14554231E-04  0.00000000E+00  0.00000000E+00  0.00000000E+00  0.00000000E+00  0.00000000E+00  0.00000000E+00
00042  2.46376382E+05  1.99996708E+01  4.64676241E+00  7.82976930E-01  4.53189164E+00  7.53524919E+00  3.61578311E+00  1.53481125E+01 -6.15225627E+00  6.87854198E-01  2.92571079E-01  1.65203710E-04  1.27302273E-02  1.26819771E-03  7.51140350E+03  1.17513445E+04  4.69393471E+06  5.12247237E+01  4.62373894E+04  6.66741525E-20  0.00000000E+00  1.14834402E-04  0.00000000E+00  0.00000000E+00  0.00000000E+00  0.00000000E+00  0.00000000E+00  0.00000000E+00
00043  2.95674019E+05  1.99996037E+01  4.64832486E+00  7.83819539E-01  4.53186094E+00  7.53548967E+00  3.61586261E+00  1.53479378E+01 -6.15414442E+00  6.85748981E-01  2.94673513E-01  1.65093797E-04  1.27110044E-02  1.29031324E-03  7.53330818E+03  1.16863688E+04  4.67706213E+06  5.10251230E+01  4.64053998E+04  6.82875379E-20  0.00000000E+00  1.15036874E-04  0.00000000E+00  0.00000000E+00  0.00000000E+00  0.00000000E+00  0.00000000E+00  0.00000000E+00
00044  3.54831183E+05  1.99995227E+01  4.65020867E+00  7.84856586E-01  4.53181337E+00  7.53576113E+00  3.61590425E+00  1.53476573E+01 -6.15647627E+00  6.83223397E-01  2.97197171E-01  1.65075454E-04  1.26975724E-02  1.30568851E-03  7.56035492E+03  1.16079416E+04  4.65679988E+06  5.07714070E+01  4.66084186E+04  7.02221626E-20  0.00000000E+00  1.15364768E-04  0.00000000E+00  0.00000000E+00  0.00000000E+00  0.00000000E+00  0.00000000E+00  0.00000000E+00
00045  4.25819781E+05  1.99994247E+01  4.65248172E+00  7.86130843E-01  4.53174451E+00  7.53607083E+00  3.61590227E+00  1.53472508E+01 -6.15934487E+00  6.80186606E-01  3.00233039E-01  1.65165661E-04  1.26908957E-02  1.31319880E-03  7.59372095E+03  1.15134015E+04  4.63246764E+06  5.04521071E+01  4.68542514E+04  7.25663316E-20  0.00000000E+00  1.15725428E-04  0.00000000E+00  0.00000000E+00  0.00000000E+00  0.00000000E+00  0.00000000E+00  0.00000000E+00
00046  5.11006098E+05  1.99993060E+01  4.65522717E+00  7.87695185E-01  4.53164870E+00  7.53642842E+00  3.61585209E+00  1.53466963E+01 -6.16286257E+00  6.76525829E-01  3.03894023E-01  1.65381679E-04  1.26918445E-02  1.31182643E-03  7.63488388E+03  1.13995760E+04  4.60324791E+06  5.00535490E+01  4.71526224E+04  7.54392514E-20  0.00000000E+00  1.16128119E-04  0.00000000E+00  0.00000000E+00  0.00000000E+00  0.00000000E+00  0.00000000E+00  0.00000000E+00
00047  6.13229678E+05  1.99991617E+01  4.65854724E+00  7.89615637E-01  4.53151849E+00  7.53684666E+00  3.61575092E+00  1.53459693E+01 -6.16716612E+00  6.72100123E-01  3.08321173E-01  1.65740500E-04  1.27011150E-02  1.30075313E-03  7.68572216E+03  1.12626844E+04  4.56815852E+06  4.95590920E+01  4.75157373E+04  7.90065222E-20  0.00000000E+00  1.16585707E-04  0.00000000E+00  0.00000000E+00  0.00000000E+00  0.00000000E+00  0.00000000E+00  0.00000000E+00
00048  7.35897974E+05  1.99989860E+01  4.66256817E+00  7.91975615E-01  4.53134373E+00  7.53734252E+00  3.61559891E+00  1.53450435E+01 -6.17242319E+00  6.66731909E-01  3.13692140E-01  1.66258530E-04  1.27191714E-02  1.27942654E-03  7.74865911E+03  1.10982213E+04  4.52601951E+06  4.89484062E+01  4.79590464E+04  8.35009321E-20  0.00000000E+00  1.17115808E-04  0.00000000E+00  0.00000000E+00  0.00000000E+00  0.00000000E+00  0.00000000E+00  0.00000000E+00
00049  8.83099930E+05  1.99987714E+01  4.66744671E+00  7.94882138E-01  4.53111011E+00  7.53793838E+00  3.61540054E+00  1.53438894E+01 -6.17884169E+00  6.60195010E-01  3.20233136E-01  1.66952557E-04  1.27462362E-02  1.24756997E-03  7.82687990E+03  1.09008155E+04  4.47541398E+06  4.81961194E+01  4.85022990E+04  8.92592410E-20  0.00000000E+00  1.17742118E-04  0.00000000E+00  0.00000000E+00  0.00000000E+00  0.00000000E+00  0.00000000E+00  0.00000000E+00
00050  1.05974228E+06  1.99985081E+01  4.67337869E+00  7.98475339E-01  4.53079650E+00  7.53866372E+00  3.61516607E+00  1.53424730E+01 -6.18668389E+00  6.52197247E-01  3.28236353E-01  1.67841282E-04  1.27823368E-02  1.20512719E-03  7.92467261E+03  1.06640549E+04  4.41464228E+06  4.72697320E+01  4.91710312E+04  9.67816900E-20  0.00000000E+00  1.18495626E-04  0.00000000E+00  0.00000000E+00  0.00000000E+00  0.00000000E+00  0.00000000E+00  0.00000000E+00
00051  1.27171309E+06  1.99981836E+01  4.68061118E+00  8.02941379E-01  4.53037160E+00  7.53955740E+00  3.61491413E+00  1.53407544E+01 -6.19628370E+00  6.42359164E-01  3.38081218E-01  1.68946353E-04  1.28272343E-02  1.15234236E-03  8.04792488E+03  1.03802963E+04  4.34166174E+06  4.61279446E+01  4.99987565E+04  1.06834279E-19  0.00000000E+00  1.19294386E-04  0.00000000E+00  0.00000000E+00  0.00000000E+00  0.00000000E+00  0.00000000E+00  0.00000000E+00
00052  1.52607807E+06  1.99977809E+01  4.68949422E+00  8.08541865E-01  4.52979212E+00  7.54067319E+00  3.61469705E+00  1.53387107E+01 -6.20802220E+00  6.30196149E-01  3.50252236E-01  1.70290630E-04  1.28801203E-02  1.09010886E-03  8.20519704E+03  1.00394227E+04  4.25367398E+06  4.47211464E+01  5.10342734E+04  1.20651099E-19  0.00000000E+00  1.20438637E-04  0.00000000E+00  0.00000000E+00  0.00000000E+00  0.00000000E+00  0.00000000E+00  0.00000000E+00
00053  1.78204277E+06  1.99973615E+01  4.69861656E+00  8.14433806E-01  4.52912673E+00  7.54184512E+00  3.61456831E+00  1.53366729E+01 -6.22009209E+00  6.17568882E-01  3.62887209E-01  1.71647256E-04  1.29308953E-02  1.03027147E-03  8.37397155E+03  9.69786739E+03  4.16517021E+06  4.32681196E+01  5.21199360E+04  1.36806974E-19  0.00000000E+00  1.21638244E-04  0.00000000E+00  0.00000000E+00  0.00000000E+00  0.00000000E+00  0.00000000E+00  0.00000000E+00
00054  2.03007283E+06  1.99969408E+01  4.70762803E+00  8.20406880E-01  4.52839306E+00  7.54303144E+00  3.61454115E+00  1.53347206E+01 -6.23204495E+00  6.04931782E-01  3.75531406E-01  1.72964782E-04  1.29775032E-02  9.75248556E-04  8.54861309E+03  9.36857251E+03  4.07954893E+06  4.18234703E+01  5.32150627E+04  1.55053639E-19  0.00000000E+00  1.22849405E-04  0.00000000E+00  0.00000000E+00  0.00000000E+00  0.00000000E+00  0.00000000E+00  0.00000000E+00
00055  2.27011689E+06  1.99965193E+01  4.71652062E+00  8.26443197E-01  4.52759805E+00  7.54422862E+00  3.61461103E+00  1.53328609E+01 -6.24384458E+00  5.92341958E-01  3.88127701E-01  1.74238909E-04  1.30198245E-02  9.25182575E-04  8.72880342E+03  9.05161768E+03  3.99678141E+06  4.03965938E+01  5.43180705E+04  1.75593514E-19  0.00000000E+00  1.23923938E-04  0.00000000E+00  0.00000000E+00  0.00000000E+00  0.00000000E+00  0.00000000E+00  0.00000000E+00
00056  2.50286324E+06  1.99960965E+01  4.72531076E+00  8.32551256E-01  4.52674156E+00  7.54543804E+00  3.61477610E+00  1.53310916E+01 -6.25550545E+00  5.79791253E-01  4.00684288E-01  1.75473219E-04  1.30581170E-02  8.79773971E-04  8.91500094E+03  8.74600322E+03  3.91661669E+06  3.89880850E+01  5.54307169E+04  1.98741064E-19  0.00000000E+00  1.25161798E-04  0.00000000E+00  0.00000000E+00  0.00000000E+00  0.00000000E+00  0.00000000E+00  0.00000000E+00
00057  2.72863864E+06  1.99956719E+01  4.73399505E+00  8.38744401E-01  4.52581606E+00  7.54666138E+00  3.61503989E+00  1.53294062E+01 -6.26704983E+00  5.67241390E-01  4.13239532E-01  1.76676731E-04  1.30929813E-02  8.38324354E-04  9.10784688E+03  8.45111009E+03  3.83899514E+06  3.75938314E+01  5.65524310E+04  2.24883755E-19  0.00000000E+00  1.26412103E-04  0.00000000E+00  0.00000000E+00  0.00000000E+00  0.00000000E+00  0.00000000E+00  0.00000000E+00
00058  2.94725459E+06  1.99952466E+01  4.74255988E+00  8.45007396E-01  4.52482577E+00  7.54789497E+00  3.61539893E+00  1.53278094E+01 -6.27844495E+00  5.54738023E-01  4.25747811E-01  1.77849230E-04  1.31246295E-02  8.00591705E-04  9.30710968E+03  8.16709225E+03  3.76394698E+06  3.62203468E+01  5.76807893E+04  2.54325210E-19  0.00000000E+00  1.27673032E-04  0.00000000E+00  0.00000000E+00  0.00000000E+00  0.00000000E+00  0.00000000E+00  0.00000000E+00
00059  3.15913767E+06  1.99948201E+01  4.75101854E+00  8.51337467E-01  4.52377540E+00  7.54913759E+00  3.61584726E+00  1.53263031E+01 -6.28968147E+00  5.42310835E-01  4.38179460E-01  1.78991226E-04  1.31531820E-02  7.66437656E-04  9.51293591E+03  7.89332901E+03  3.69126799E+06  3.48723870E+01  5.88170123E+04  2.87443862E-19  0.00000000E+00  1.28770619E-04  0.00000000E+00  0.00000000E+00  0.00000000E+00  0.00000000E+00  0.00000000E+00  0.00000000E+00
00060  3.36485186E+06  1.99943916E+01  4.75941443E+00  8.57772058E-01  4.52265708E+00  7.55039421E+00  3.61641255E+00  1.53249044E+01 -6.30074013E+00  5.29917655E-01  4.50576713E-01  1.80110687E-04  1.31790876E-02  7.35338588E-04  9.72682519E+03  7.62800734E+03  3.62051517E+06  3.35468214E+01  5.99669535E+04  3.24858170E-19  0.00000000E+00  1.30058466E-04  0.00000000E+00  0.00000000E+00  0.00000000E+00  0.00000000E+00  0.00000000E+00  0.00000000E+00
00061  3.56422774E+06  1.99939618E+01  4.76770028E+00  8.64297246E-01  4.52146594E+00  7.55166311E+00  3.61708233E+00  1.53235947E+01 -6.31165474E+00  5.17542341E-01  4.62955776E-01  1.81212758E-04  1.32027597E-02  7.06815301E-04  9.94863643E+03  7.37193334E+03  3.55201827E+06  3.22410312E+01  6.11239689E+04  3.67109011E-19  0.00000000E+00  1.31354757E-04  0.00000000E+00  0.00000000E+00  0.00000000E+00  0.00000000E+00  0.00000000E+00  0.00000000E+00
00062  3.75715441E+06  1.99935316E+01  4.77585902E+00  8.70890955E-01  4.52020877E+00  7.55293995E+00  3.61784516E+00  1.53223741E+01 -6.32240227E+00  5.05238150E-01  4.75263400E-01  1.82295300E-04  1.32242668E-02  6.80792451E-04  1.01779144E+04  7.12541667E+03  3.48583728E+06  3.09614315E+01  6.22848201E+04  4.14664398E-19  0.00000000E+00  1.32659282E-04  0.00000000E+00  0.00000000E+00  0.00000000E+00  0.00000000E+00  0.00000000E+00  0.00000000E+00
00063  3.94414658E+06  1.99931003E+01  4.78390843E+00  8.77556566E-01  4.51888832E+00  7.55422486E+00  3.61869659E+00  1.53212437E+01 -6.33298302E+00  4.93020739E-01  4.87483943E-01  1.83359403E-04  1.32437037E-02  6.57159947E-04  1.04150629E+04  6.88773607E+03  3.42175037E+06  2.97104706E+01  6.34514833E+04  4.68188523E-19  0.00000000E+00  1.33976842E-04  0.00000000E+00  0.00000000E+00  0.00000000E+00  0.00000000E+00  0.00000000E+00  0.00000000E+00
00064  4.12563579E+06  1.99926672E+01  4.79185383E+00  8.84309185E-01  4.51749836E+00  7.55552092E+00  3.61964154E+00  1.53202002E+01 -6.34342153E+00  4.80852027E-01  4.99655530E-01  1.84411072E-04  1.32613719E-02  6.35565551E-04  1.06609408E+04  6.65824334E+03  3.35964597E+06  2.84841219E+01  6.46245403E+04  5.28598756E-19  0.00000000E+00  1.35099214E-04  0.00000000E+00  0.00000000E+00  0.00000000E+00  0.00000000E+00  0.00000000E+00  0.00000000E+00
00065  4.30152225E+06  1.99922331E+01  4.79967479E+00  8.91147222E-01  4.51603458E+00  7.55682842E+00  3.62068534E+00  1.53192419E+01 -6.35371908E+00  4.68713758E-01  5.11796458E-01  1.85454256E-04  1.32775539E-02  6.15680998E-04  1.09158435E+04  6.43697485E+03  3.29961395E+06  2.72805642E+01  6.58005182E+04  5.96840861E-19  0.00000000E+00  1.36438472E-04  0.00000000E+00  0.00000000E+00  0.00000000E+00  0.00000000E+00  0.00000000E+00  0.00000000E+00
00066  4.47168236E+06  1.99917988E+01  4.80736132E+00  8.98053966E-01  4.51450284E+00  7.55814388E+00  3.62182344E+00  1.53183737E+01 -6.36384404E+00  4.56651014E-01  5.23861654E-01  1.86487422E-04  1.32923068E-02  5.97442975E-04  1.11794936E+04  6.22400114E+03  3.24165776E+06  2.61049639E+01  6.69769420E+04  6.73738660E-19  0.00000000E+00  1.37786231E-04  0.00000000E+00  0.00000000E+00  0.00000000E+00  0.00000000E+00  0.00000000E+00  0.00000000E+00
00067  4.63652428E+06  1.99913636E+01  4.81496863E+00  9.05059062E-01  4.51290212E+00  7.55946901E+00  3.62308175E+00  1.53176260E+01 -6.37372622E+00  4.44687483E-01  5.35827434E-01  1.87510486E-04  1.33056655E-02  5.80811809E-04  1.14534020E+04  6.01780842E+03  3.18530047E+06  2.49609535E+01  6.81616700E+04  7.60488174E-19  0.00000000E+00  1.39146129E-04  0.00000000E+00  0.00000000E+00  0.00000000E+00  0.00000000E+00  0.00000000E+00  0.00000000E+00
00068  4.79637536E+06  1.99909272E+01  4.82247290E+00  9.12154150E-01  4.51123065E+00  7.56080467E+00  3.62444163E+00  1.53169773E+01 -6.38342837E+00  4.32798157E-01  5.47718834E-01  1.88527237E-04  1.33178115E-02  5.65574998E-04  1.17376695E+04  5.81862050E+03  3.13066537E+06  2.38451235E+01  6.93508773E+04  8.58470593E-19  0.00000000E+00  1.40520559E-04  0.00000000E+00  0.00000000E+00  0.00000000E+00  0.00000000E+00  0.00000000E+00  0.00000000E+00
00069  4.95134038E+06  1.99904897E+01  4.82985506E+00  9.19338196E-01  4.50948416E+00  7.56215317E+00  3.62590549E+00  1.53164217E+01 -6.39297571E+00  4.20950123E-01  5.59568799E-01  1.89541515E-04  1.33289597E-02  5.51481799E-04  1.20326892E+04  5.62645452E+03  3.07783250E+06  2.27541871E+01  7.05411275E+04  9.69359220E-19  0.00000000E+00  1.41908949E-04  0.00000000E+00  0.00000000E+00  0.00000000E+00  0.00000000E+00  0.00000000E+00  0.00000000E+00
00070  5.10131512E+06  1.99900518E+01  4.83710228E+00  9.26598048E-01  4.50766604E+00  7.56351248E+00  3.62747196E+00  1.53159622E+01 -6.40234831E+00  4.09166870E-01  5.71353850E-01  1.90553172E-04  1.33391895E-02  5.38441757E-04  1.23383542E+04  5.44137577E+03  3.02683154E+06  2.16905427E+01  7.17294206E+04  1.09469648E-18  0.00000000E+00  1.43068658E-04  0.00000000E+00  0.00000000E+00  0.00000000E+00  0.00000000E+00  0.00000000E+00  0.00000000E+00
00071  5.24651363E+06  1.99896136E+01  4.84422483E+00  9.33927751E-01  4.50578183E+00  7.56488090E+00  3.62913496E+00  1.53156036E+01 -6.41152748E+00  3.97486155E-01  5.83036231E-01  1.91560729E-04  1.33484948E-02  5.26463658E-04  1.26548368E+04  5.26304909E+03  2.97753021E+06  2.06577701E+01  7.29164739E+04  1.23618063E-18  0.00000000E+00  1.44487507E-04  0.00000000E+00  0.00000000E+00  0.00000000E+00  0.00000000E+00  0.00000000E+00  0.00000000E+00
00072  5.38737293E+06  1.99891741E+01  4.85123648E+00  9.41341432E-01  4.50382790E+00  7.56626161E+00  3.63089836E+00  1.53153470E+01 -6.42052960E+00  3.85887159E-01  5.94636774E-01  1.92567340E-04  1.33569727E-02  5.15432522E-04  1.29832029E+04  5.09088156E+03  2.92977980E+06  1.96536691E+01  7.41041571E+04  1.39631849E-18  0.00000000E+00  1.45929427E-04  0.00000000E+00  0.00000000E+00  0.00000000E+00  0.00000000E+00  0.00000000E+00  0.00000000E+00
00073  5.52400293E+06  1.99887333E+01  4.85814798E+00  9.48860570E-01  4.50179621E+00  7.56765863E+00  3.63278831E+00  1.53152090E+01 -6.42932901E+00  3.74340849E-01  6.06184533E-01  1.93577153E-04  1.33647646E-02  5.05181086E-04  1.33249423E+04  4.92428527E+03  2.88345982E+06  1.86760582E+01  7.52939410E+04  1.57819914E-18  0.00000000E+00  1.47393730E-04  0.00000000E+00  0.00000000E+00  0.00000000E+00  0.00000000E+00  0.00000000E+00  0.00000000E+00
00074  5.65627292E+06  1.99882923E+01  4.86495534E+00  9.56486934E-01  4.49968487E+00  7.56907187E+00  3.63481901E+00  1.53152020E+01 -6.43788853E+00  3.62853257E-01  6.17673491E-01  1.94590948E-04  1.33719583E-02  4.95607953E-04  1.36807428E+04  4.76310671E+03  2.83855269E+06  1.77256312E+01  7.64845136E+04  1.78493339E-18  0.00000000E+00  1.48877241E-04  0.00000000E+00  0.00000000E+00  0.00000000E+00  0.00000000E+00  0.00000000E+00  0.00000000E+00
00075  5.78420510E+06  1.99878513E+01  4.87163000E+00  9.64180461E-01  4.49750677E+00  7.57049690E+00  3.63695679E+00  1.53153071E+01 -6.44623841E+00  3.51468080E-01  6.29059947E-01  1.95606394E-04  1.33785461E-02  4.86725119E-04  1.40493023E+04  4.60789916E+03  2.79519894E+06  1.68052610E+01  7.76698206E+04  2.01932369E-18  0.00000000E+00  1.50111797E-04  0.00000000E+00  0.00000000E+00  0.00000000E+00  0.00000000E+00  0.00000000E+00  0.00000000E+00
00076  5.90825570E+06  1.99874093E+01  4.87819133E+00  9.71956452E-01  4.49525910E+00  7.57193656E+00  3.63920396E+00  1.53155273E+01 -6.45438987E+00  3.40175345E-01  6.40353882E-01  1.96626315E-04  1.33845638E-02  4.78487810E-04  1.44319011E+04  4.45806541E+03  2.75322552E+06  1.59138270E+01  7.88527225E+04  2.28575174E-18  0.00000000E+00  1.51653277E-04  0.00000000E+00  0.00000000E+00  0.00000000E+00  0.00000000E+00  0.00000000E+00  0.00000000E+00
00077  6.02859553E+06  1.99869662E+01  4.88463805E+00  9.79822274E-01  4.49293787E+00  7.57339459E+00  3.64157092E+00  1.53158671E+01 -6.46235165E+00  3.28947940E-01  6.51582421E-01  1.97654315E-04  1.33901007E-02  4.70789330E-04  1.48295200E+04  4.31334937E+03  2.71259800E+06  1.50490056E+01  8.00325761E+04  2.58965525E-18  0.00000000E+00  1.53231266E-04  0.00000000E+00  0.00000000E+00  0.00000000E+00  0.00000000E+00  0.00000000E+00  0.00000000E+00
00078  6.14520310E+06  1.99865225E+01  4.89095534E+00  9.87770761E-01  4.49054295E+00  7.57487296E+00  3.64406444E+00  1.53163292E+01 -6.47012644E+00  3.17770566E-01  6.62760875E-01  1.98692812E-04  1.33952395E-02  4.63531784E-04  1.52424453E+04  4.17378026E+03  2.67336655E+06  1.42095706E+01  8.12059685E+04  2.93715511E-18  0.00000000E+00  1.54847260E-04  0.00000000E+00  0.00000000E+00  0.00000000E+00  0.00000000E+00  0.00000000E+00  0.00000000E+00
00079  6.25807067E+06  1.99860786E+01  4.89716604E+00  9.95819104E-01  4.48807145E+00  7.57637137E+00  3.64670843E+00  1.53169412E+01 -6.47763588E+00  3.06673008E-01  6.73859461E-01  1.99740796E-04  1.33999888E-02  4.56706549E-04  1.56722728E+04  4.03878975E+03  2.63534916E+06  1.33980026E+01  8.23761911E+04  3.33483790E-18  0.00000000E+00  1.56501253E-04  0.00000000E+00  0.00000000E+00  0.00000000E+00  0.00000000E+00  0.00000000E+00  0.00000000E+00
00080  6.36732915E+06  1.99856346E+01  4.90328039E+00  1.00396804E+00  4.48552557E+00  7.57788871E+00  3.64950079E+00  1.53177102E+01 -6.48485732E+00  2.95685562E-01  6.84847880E-01  2.00797202E-04  1.34043408E-02  4.50324354E-04  1.61198207E+04  3.90812701E+03  2.59844883E+06  1.26159997E+01  8.35444245E+04  3.79006571E-18  0.00000000E+00  1.58198774E-04  0.00000000E+00  0.00000000E+00  0.00000000E+00  0.00000000E+00  0.00000000E+00  0.00000000E+00
00081  6.47323641E+06  1.99851899E+01  4.90927881E+00  1.01219944E+00  4.48290948E+00  7.57942782E+00  3.65242359E+00  1.53186187E+01 -6.49185920E+00  2.84784742E-01  6.95749629E-01  2.01865774E-04  1.34083444E-02  4.44324036E-04  1.65848729E+04  3.78198251E+03  2.56274908E+06  1.18611630E+01  8.47065017E+04  4.31281015E-18  0.00000000E+00  1.59646014E-04  0.00000000E+00  0.00000000E+00  0.00000000E+00  0.00000000E+00  0.00000000E+00  0.00000000E+00
00082  6.57592358E+06  1.99847444E+01  4.91515518E+00  1.02051712E+00  4.48021973E+00  7.58099433E+00  3.65549242E+00  1.53196752E+01 -6.49865211E+00  2.73935332E-01  7.06599932E-01  2.02951066E-04  1.34120690E-02  4.38620278E-04  1.70684272E+04  3.66021086E+03  2.52825011E+06  1.11310805E+01  8.58607495E+04  4.91614632E-18  0.00000000E+00  1.61462252E-04  0.00000000E+00  0.00000000E+00  0.00000000E+00  0.00000000E+00  0.00000000E+00  0.00000000E+00
00083  6.67533435E+06  1.99842988E+01  4.92090007E+00  1.02890644E+00  4.47746130E+00  7.58258848E+00  3.65871031E+00  1.53208865E+01 -6.50521997E+00  2.63150373E-01  7.17385755E-01  2.04052623E-04  1.34155400E-02  4.33184758E-04  1.75704273E+04  3.54284803E+03  2.49497072E+06  1.04266070E+01  8.70043299E+04  5.61348305E-18  0.00000000E+00  1.63346375E-04  0.00000000E+00  0.00000000E+00  0.00000000E+00  0.00000000E+00  0.00000000E+00  0.00000000E+00
00084  6.77159185E+06  1.99838531E+01  4.92652416E+00  1.03736397E+00  4.47463855E+00  7.58420945E+00  3.66207507E+00  1.53222619E+01 -6.51153781E+00  2.52463998E-01  7.28072959E-01  2.05169673E-04  1.34187402E-02  4.28037890E-04  1.80914538E+04  3.42966365E+03  2.46281438E+06  9.74954563E+00  8.81382510E+04  6.42004734E-18  0.00000000E+00  1.65308110E-04  0.00000000E+00  0.00000000E+00  0.00000000E+00  0.00000000E+00  0.00000000E+00  0.00000000E+00
00085  6.86495824E+06  1.99834064E+01  4.93209013E+00  1.04597579E+00  4.47172413E+00  7.58586468E+00  3.66565742E+00  1.53238630E+01 -6.51747575E+00  2.41866279E-01  7.38671478E-01  2.06305056E-04  1.34216873E-02  4.23155926E-04  1.86378602E+04  3.31935975E+03  2.43139769E+06  9.09914121E+00  8.92750945E+04  7.35860933E-18  0.00000000E+00  1.67351343E-04  0.00000000E+00  0.00000000E+00  0.00000000E+00  0.00000000E+00  0.00000000E+00  0.00000000E+00
00086  6.95529648E+06  1.99829600E+01  4.93753060E+00  1.05465444E+00  4.46874493E+00  7.58755333E+00  3.66940623E+00  1.53256486E+01 -6.52315126E+00  2.31353368E-01  7.49185165E-01  2.07461526E-04  1.34244198E-02  4.18491090E-04  1.92052016E+04  3.21303754E+03  2.40107555E+06  8.47466393E+00  9.04003147E+04  8.45255888E-18  0.00000000E+00  1.69492070E-04  0.00000000E+00  0.00000000E+00  0.00000000E+00  0.00000000E+00  0.00000000E+00  0.00000000E+00
00087  7.04284426E+06  1.99825130E+01  4.94284791E+00  1.06340916E+00  4.46569690E+00  7.58928449E+00  3.67334540E+00  1.53276374E+01 -6.52857174E+00  2.20886716E-01  7.59652577E-01  2.08645529E-04  1.34269773E-02  4.13989620E-04  1.97950137E+04  3.11045803E+03  2.37180404E+06  7.87383922E+00  9.15137973E+04  9.73722790E-18  0.00000000E+00  1.71414788E-04  0.00000000E+00  0.00000000E+00  0.00000000E+00  0.00000000E+00  0.00000000E+00  0.00000000E+00
00088  7.12758672E+06  1.99820662E+01  4.94804382E+00  1.07222428E+00  4.46258831E+00  7.59105575E+00  3.67746904E+00  1.53298373E+01 -6.53370643E+00  2.10510493E-01  7.70029541E-01  2.09855346E-04  1.34293444E-02  4.09671249E-04  2.04071964E+04  3.01157646E+03  2.34354439E+06  7.29885138E+00  9.26147092E+04  1.12474819E-17  0.00000000E+00  1.73802560E-04  0.00000000E+00  0.00000000E+00  0.00000000E+00  0.00000000E+00  0.00000000E+00  0.00000000E+00
00089  7.20976315E+06  1.99816188E+01  4.95313319E+00  1.08111011E+00  4.45941774E+00  7.59287191E+00  3.68178801E+00  1.53322659E+01 -6.53854391E+00  2.00227766E-01  7.80312992E-01  2.11094119E-04  1.34315198E-02  4.05533405E-04  2.10434508E+04  2.91607868E+03  2.31618950E+06  6.74939288E+00  9.37055501E+04  1.30321160E-17  0.00000000E+00  1.76340400E-04  0.00000000E+00  0.00000000E+00  0.00000000E+00  0.00000000E+00  0.00000000E+00  0.00000000E+00
00090  7.28952917E+06  1.99811701E+01  4.95816418E+00  1.09015682E+00  4.45615213E+00  7.59474526E+00  3.68639240E+00  1.53349986E+01 -6.54294424E+00  1.90007851E-01  7.90533619E-01  2.12368809E-04  1.34335311E-02  4.01535225E-04  2.17116035E+04  2.82294251E+03  2.28946150E+06  6.22372541E+00  9.47968888E+04  1.51616163E-17  0.00000000E+00  1.79041410E-04  0.00000000E+00  0.00000000E+00  0.00000000E+00  0.00000000E+00  0.00000000E+00  0.00000000E+00
00091  7.36663462E+06  1.99807222E+01  4.96307395E+00  1.09926147E+00  4.45282725E+00  7.59667677E+00  3.69124291E+00  1.53380108E+01 -6.54699523E+00  1.79857964E-01  8.00684211E-01  2.13682782E-04  1.34354015E-02  3.97645718E-04  2.24054534E+04  2.73317946E+03  2.26367379E+06  5.72222544E+00  9.58738895E+04  1.77128910E-17  0.00000000E+00  1.81933914E-04  0.00000000E+00  0.00000000E+00  0.00000000E+00  0.00000000E+00  0.00000000E+00  0.00000000E+00
00092  7.44131557E+06  1.99802742E+01  4.96786976E+00  1.10842109E+00  4.44944639E+00  7.59867365E+00  3.69635095E+00  1.53413236E+01 -6.55069538E+00  1.69778219E-01  8.10764656E-01  2.15041266E-04  1.34371300E-02  3.93858933E-04  2.31258679E+04  2.64663005E+03  2.23876390E+06  5.24467398E+00  9.69372346E+04  2.07921122E-17  0.00000000E+00  1.85054261E-04  0.00000000E+00  0.00000000E+00  0.00000000E+00  0.00000000E+00  0.00000000E+00  0.00000000E+00
00093  7.51371943E+06  1.99798257E+01  4.97256485E+00  1.11761757E+00  4.44602193E+00  7.60073976E+00  3.70172584E+00  1.53449608E+01 -6.55401462E+00  1.59794057E-01  8.20749511E-01  2.16447125E-04  1.34387032E-02  3.90186517E-04  2.38724847E+04  2.56319815E+03  2.21464162E+06  4.79175081E+00  9.79891097E+04  2.45306521E-17  0.00000000E+00  1.88436378E-04  0.00000000E+00  0.00000000E+00  0.00000000E+00  0.00000000E+00  0.00000000E+00  0.00000000E+00
00094  7.58419822E+06  1.99793750E+01  4.97718163E+00  1.12688180E+00  4.44254400E+00  7.60289610E+00  3.70743253E+00  1.53489856E+01 -6.55692227E+00  1.49851570E-01  8.30692693E-01  2.17917323E-04  1.34401339E-02  3.86591135E-04  2.46489756E+04  2.48245608E+03  2.19117409E+06  4.36096025E+00  9.90344972E+04  2.91350344E-17  0.00000000E+00  1.91778313E-04  2.67911795E+00  0.00000000E+00  0.00000000E+00  1.00099696E+00  0.00000000E+00  0.00000000E+00
00095  7.65276790E+06  1.99789221E+01  4.98175485E+00  1.13630525E+00  4.43897558E+00  7.60516535E+00  3.71359910E+00  1.53535148E+01 -6.55923503E+00  1.39913408E-01  8.40631558E-01  2.19466829E-04  1.34414406E-02  3.83031758E-04  2.54647238E+04  2.40361673E+03  2.16817244E+06  3.95107220E+00  1.00081545E+05  3.48940220E-17  0.00000000E+00  1.95865480E-04  6.44336468E+00  0.00000000E+00  0.00000000E+00  1.50037930E+00  0.00000000E+00  0.00000000E+00
00096  7.71912449E+06  1.99784695E+01  4.98622117E+00  1.14573642E+00  4.43537658E+00  7.60754669E+00  3.72016341E+00  1.53585264E+01 -6.56104248E+00  1.30038935E-01  8.50506742E-01  2.21098713E-04  1.34426112E-02  3.79518116E-04  2.63081699E+04  2.32781279E+03  2.14594040E+06  3.56480303E+00  1.01113579E+05  4.21377787E-17  0.00000000E+00  2.00400367E-04  6.48136511E+00  0.00000000E+00  0.00000000E+00  1.50235545E+00  0.00000000E+00  0.00000000E+00
00097  7.78367364E+06  1.99780150E+01  4.99061255E+00  1.15520746E+00  4.43173890E+00  7.61006028E+00  3.72718098E+00  1.53640960E+01 -6.56228915E+00  1.20225551E-01  8.60320848E-01  2.22827805E-04  1.34436280E-02  3.76050587E-04  2.71832976E+04  2.25458116E+03  2.12430270E+06  3.20167648E+00  1.02137725E+05  5.13872151E-17  0.00000000E+00  2.05486553E-04  6.49000178E+00  0.00000000E+00  0.00000000E+00  1.50025083E+00  0.00000000E+00  0.00000000E+00
00098  7.84664769E+06  1.99775572E+01  4.99494225E+00  1.16472552E+00  4.42806230E+00  7.61273802E+00  3.73474312E+00  1.53703326E+01 -6.56290749E+00  1.10437788E-01  8.70109350E-01  2.24678171E-04  1.34444868E-02  3.72602040E-04  2.80920998E+04  2.18372632E+03  2.10318147E+06  2.86054618E+00  1.03156961E+05  6.34434342E-17  0.00000000E+00  2.11268144E-04  6.48833576E+00  0.00000000E+00  0.00000000E+00  1.49642667E+00  0.00000000E+00  0.00000000E+00
00099  7.90813416E+06  1.99770956E+01  4.99924903E+00  1.17437567E+00  4.42431392E+00  7.61562928E+00  3.74306204E+00  1.53774517E+01 -6.56263473E+00  1.00616597E-01  8.79931310E-01  2.26684662E-04  1.34451882E-02  3.69125154E-04  2.90445371E+04  2.11456578E+03  2.08237975E+06  2.54012236E+00  1.04181014E+05  7.96039860E-17  0.00000000E+00  2.17930330E-04  6.47695227E+00  0.00000000E+00  0.00000000E+00  1.49078602E+00  0.00000000E+00  0.00000000E+00
00100  7.96773205E+06  1.99766337E+01  5.00348852E+00  1.18399956E+00  4.42056185E+00  7.61875269E+00  3.75216133E+00  1.53855347E+01 -6.56141817E+00  9.08341197E-02  8.89714588E-01  2.28864438E-04  1.34457068E-02  3.65626009E-04  3.00265407E+04  2.04803677E+03  2.06210323E+06  2.24360435E+00  1.05197100E+05  1.01655199E-16  0.00000000E+00  2.25674314E-04  6.45863155E+00  0.00000000E+00  0.00000000E+00  1.48358468E+00  0.00000000E+00  0.00000000E+00
