00000  0.00000000E+00  2.00000000E+00  1.20864198E+00  2.04444700E-01  3.96162764E+00  7.32519680E+00  4.81478513E+00  1.62688372E+01 -2.63113768E+00  6.97953626E-01  2.81392784E-01  3.52061348E-05  5.48149283E-03  9.72579574E-03  3.22046937E+03  1.22110925E+06  1.28725513E+09  8.62187452E+00  8.04087533E+00  8.10599864E-28  0.00000000E+00  7.30302912E-07  0.00000000E+00  0.00000000E+00  0.00000000E+00  0.00000000E+00  0.00000000E+00  0.00000000E+00
00001  8.83883476E+03  2.00000000E+00  1.22039978E+00  2.05947831E-01  3.96381553E+00  7.32626276E+00  4.81163649E+00  1.62667457E+01 -2.64237154E+00  6.97935385E-01  2.81411313E-01  3.60448466E-05  5.48155377E-03  9.72460782E-03  3.23723234E+03  1.18438689E+06  1.25287237E+09  8.66054721E+00  8.35155734E+00  8.94178139E-28  0.00000000E+00  7.41199379E-07  0.00000000E+00  0.00000000E+00  0.00000000E+00  0.00000000E+00  0.00000000E+00  0.00000000E+00
00002  1.76776695E+04  1.99999999E+00  1.21968664E+00  2.05875776E-01  3.96367327E+00  7.32626047E+00  4.81163488E+00  1.62667358E+01 -2.64237789E+00  6.97917372E-01  2.81429549E-01  3.64670413E-05  5.48212928E-03  9.72338716E-03  3.23642679E+03  1.18653014E+06  1.25493133E+09  8.66019749E+00  8.36068953E+00  8.99764781E-28  0.00000000E+00  7.41248202E-07  0.00000000E+00  0.00000000E+00  0.00000000E+00  0.00000000E+00  0.00000000E+00  0.00000000E+00
00003  2.82842712E+04  1.99999997E+00  1.22012556E+00  2.05917798E-01  3.96376199E+00  7.32626245E+00  4.81163962E+00  1.62667354E+01 -2.64238652E+00  6.97896016E-01  2.81451121E-01  3.66793308E-05  5.48314232E-03  9.72194635E-03  3.23689657E+03  1.18521690E+06  1.25366369E+09  8.66018865E+00  8.36552489E+00  9.03168087E-28  0.00000000E+00  7.41262551E-07  0.00000000E+00  0.00000000E+00  0.00000000E+00  0.00000000E+00  0.00000000E+00  0.00000000E+00
00004  4.10121933E+04  1.99999996E+00  1.22027353E+00  2.05933218E-01  3.96379127E+00  7.32626491E+00  4.81164515E+00  1.62667350E+01 -2.64239728E+00  6.97870752E-01  2.81476614E-01  3.67792887E-05  5.48451050E-03  9.72024943E-03  3.23706898E+03  1.18477103E+06  1.25323658E+09  8.66019490E+00  8.36734755E+00  9.05067409E-28  0.00000000E+00  7.41281157E-07  0.00000000E+00  0.00000000E+00  0.00000000E+00  0.00000000E+00  0.00000000E+00  0.00000000E+00
00005  5.62856998E+04  1.99999994E+00  1.22032246E+00  2.05939175E-01  3.96380052E+00  7.32626780E+00  4.81165195E+00  1.62667348E+01 -2.64240928E+00  6.97840918E-01  2.81506705E-01  3.68266311E-05  5.48620075E-03  9.71825460E-03  3.23713561E+03  1.18462131E+06  1.25309541E+09  8.66020888E+00  8.36761497E+00  9.06173003E-28  0.00000000E+00  7.41303706E-07  0.00000000E+00  0.00000000E+00  0.00000000E+00  0.00000000E+00  0.00000000E+00  0.00000000E+00
00006  7.46139076E+04  1.99999991E+00  1.22033925E+00  2.05941980E-01  3.96380332E+00  7.32627116E+00  4.81166044E+00  1.62667350E+01 -2.64242217E+00  6.97805746E-01  2.81542174E-01  3.68530629E-05  5.48821753E-03  9.71591446E-03  3.23716699E+03  1.18456781E+06  1.25304693E+09  8.66023058E+00  8.36732778E+00  9.06938408E-28  0.00000000E+00  7.41330652E-07  0.00000000E+00  0.00000000E+00  0.00000000E+00  0.00000000E+00  0.00000000E+00  0.00000000E+00
00007  9.66077569E+04  1.99999988E+00  1.22034677E+00  2.05943910E-01  3.96380423E+00  7.32627506E+00  4.81167085E+00  1.62667356E+01 -2.64243618E+00  6.97764359E-01  2.81583907E-01  3.68733470E-05  5.49059020E-03  9.71317579E-03  3.23718859E+03  1.18454201E+06  1.25302523E+09  8.66025851E+00  8.36710466E+00  9.07623368E-28  0.00000000E+00  7.41362655E-07  0.00000000E+00  0.00000000E+00  0.00000000E+00  0.00000000E+00  0.00000000E+00  0.00000000E+00
00008  1.23000376E+05  1.99999984E+00  1.22035138E+00  2.05945640E-01  3.96380452E+00  7.32627960E+00  4.81168319E+00  1.62667363E+01 -2.64245216E+00  6.97715753E-01  2.81632916E-01  3.68936032E-05  5.49336363E-03  9.70997916E-03  3.23720797E+03  1.18452467E+06  1.25301190E+09  8.66028488E+00  8.36729025E+00  9.08363408E-28  0.00000000E+00  7.41400255E-07  0.00000000E+00  0.00000000E+00  0.00000000E+00  0.00000000E+00  0.00000000E+00  0.00000000E+00
00009  1.54671519E+05  1.99999980E+00  1.22035425E+00  2.05947340E-01  3.96380439E+00  7.32628481E+00  4.81169721E+00  1.62667367E+01 -2.64247160E+00  6.97658792E-01  2.81690346E-01  3.69162140E-05  5.49659264E-03  9.70625871E-03  3.23722700E+03  1.18451217E+06  1.25300360E+09  8.66029275E+00  8.36805364E+00  9.09224428E-28  0.00000000E+00  7.41443688E-07  0.00000000E+00  0.00000000E+00  0.00000000E+00  0.00000000E+00  0.00000000E+00  0.00000000E+00
00010  1.92676891E+05  1.99999975E+00  1.22035458E+00  2.05949024E-01  3.96380363E+00  7.32629069E+00  4.81171234E+00  1.62667356E+01 -2.64249656E+00  6.97592191E-01  2.81757490E-01  3.69421975E-05  5.50033954E-03  9.70194190E-03  3.23724587E+03  1.18450661E+06  1.25300261E+09  8.66025274E+00  8.36945394E+00  9.10236316E-28  0.00000000E+00  7.41492656E-07  0.00000000E+00  0.00000000E+00  0.00000000E+00  0.00000000E+00  0.00000000E+00  0.00000000E+00
00011  2.38283337E+05  1.99999969E+00  1.22035064E+00  2.05950695E-01  3.96380181E+00  7.32629718E+00  4.81172772E+00  1.62667317E+01 -2.64252968E+00  6.97514506E-01  2.81835804E-01  3.69721591E-05  5.50467308E-03  9.69694933E-03  3.23726461E+03  1.18451272E+06  1.25301394E+09  8.66011932E+00  8.37147571E+00  9.11409767E-28  0.00000000E+00  7.41546052E-07  0.00000000E+00  0.00000000E+00  0.00000000E+00  0.00000000E+00  0.00000000E+00  0.00000000E+00
00012  2.93011072E+05  1.99999961E+00  1.22057842E+00  2.05943721E-01  3.96386224E+00  7.32631836E+00  4.81196024E+00  1.62670883E+01 -2.64187201E+00  6.97823290E-01  2.81519797E-01  3.11115799E-05  5.46778534E-03  9.74692084E-03  3.23718669E+03  1.18391055E+06  1.25235688E+09  8.66944284E+00  8.14816066E+00  8.08674170E-28  0.00000000E+00  7.42038900E-07  0.00000000E+00  0.00000000E+00  0.00000000E+00  0.00000000E+00  0.00000000E+00  0.00000000E+00
00013  3.58684354E+05  1.99999952E+00  1.22077851E+00  2.05941812E-01  3.96391322E+00  7.32636076E+00  4.81217930E+00  1.62673454E+01 -2.64151458E+00  6.97808585E-01  2.81533411E-01  3.17251031E-05  5.45871858E-03  9.75646483E-03  3.23716542E+03  1.18337032E+06  1.25177997E+09  8.67691475E+00  8.23343341E+00  8.28576713E-28  0.00000000E+00  7.42539957E-07  0.00000000E+00  0.00000000E+00  0.00000000E+00  0.00000000E+00  0.00000000E+00  0.00000000E+00
00014  4.37492293E+05  1.99999942E+00  1.22092653E+00  2.05941894E-01  3.96395018E+00  7.32640208E+00  4.81227674E+00  1.62674755E+01 -2.64144767E+00  6.97781576E-01  2.81559996E-01  3.22037518E-05  5.45462718E-03  9.76050252E-03  3.23716642E+03  1.18296671E+06  1.25135333E+09  8.68192474E+00  8.29845297E+00  8.44538600E-28  0.00000000E+00  7.42969448E-07  0.00000000E+00  0.00000000E+00  0.00000000E+00  0.00000000E+00  0.00000000E+00  0.00000000E+00
00015  5.32061819E+05  1.99999929E+00  1.22100957E+00  2.05936901E-01  3.96397344E+00  7.32643709E+00  4.81229051E+00  1.62675132E+01 -2.64155975E+00  6.97747872E-01  2.81593500E-01  3.24672646E-05  5.45260843E-03  9.76245831E-03  3.23711070E+03  1.18275399E+06  1.25111401E+09  8.68484641E+00  8.33671570E+00  8.54304145E-28  0.00000000E+00  7.43328746E-07  0.00000000E+00  0.00000000E+00  0.00000000E+00  0.00000000E+00  0.00000000E+00  0.00000000E+00
00016  6.45545251E+05  1.99999913E+00  1.22101458E+00  2.05922553E-01  3.96398186E+00  7.32646377E+00  4.81225635E+00  1.62674922E+01 -2.64175945E+00  6.97707287E-01  2.81633970E-01  3.25953518E-05  5.45151137E-03  9.76354131E-03  3.23695042E+03  1.18277923E+06  1.25109947E+09  8.68611648E+00  8.35642240E+00  8.59822732E-28  0.00000000E+00  7.43618788E-07  0.00000000E+00  0.00000000E+00  0.00000000E+00  0.00000000E+00  0.00000000E+00  0.00000000E+00
00017  7.81725368E+05  1.99999895E+00  1.22094229E+00  2.05899767E-01  3.96397519E+00  7.32648233E+00  4.81219863E+00  1.62674368E+01 -2.64199063E+00  6.97658738E-01  2.81682473E-01  3.26536475E-05  5.45105114E-03  9.76398956E-03  3.23669582E+03  1.18303797E+06  1.25130762E+09  8.68608048E+00  8.36506642E+00  8.62855078E-28  0.00000000E+00  7.43840483E-07  0.00000000E+00  0.00000000E+00  0.00000000E+00  0.00000000E+00  0.00000000E+00  0.00000000E+00
00018  9.45141510E+05  1.99999872E+00  1.22081586E+00  2.05876252E-01  3.96395534E+00  7.32649367E+00  4.81213430E+00  1.62673644E+01 -2.64221744E+00  6.97600658E-01  2.81740601E-01  3.26824861E-05  5.45132616E-03  9.76363680E-03  3.23643314E+03  1.18344624E+06  1.25167181E+09  8.68500563E+00  8.36766107E+00  8.64556632E-28  0.00000000E+00  7.43995814E-07  0.00000000E+00  0.00000000E+00  0.00000000E+00  0.00000000E+00  0.00000000E+00  0.00000000E+00
00019  1.14124088E+06  1.99999846E+00  1.22068146E+00  2.05863213E-01  3.96392825E+00  7.32649998E+00  4.81207460E+00  1.62672877E+01 -2.64242227E+00  6.97531075E-01  2.81810357E-01  3.27023350E-05  5.45248766E-03  9.76228291E-03  3.23628760E+03  1.18384777E+06  1.25205907E+09  8.68319403E+00  8.36738195E+00  8.65656126E-28  0.00000000E+00  7.44099414E-07  0.00000000E+00  0.00000000E+00  0.00000000E+00  0.00000000E+00  0.00000000E+00  0.00000000E+00
00020  1.37656012E+06  1.99999814E+00  1.22058322E+00  2.05868727E-01  3.96390094E+00  7.32650459E+00  4.81202568E+00  1.62672155E+01 -2.64260390E+00  6.97447617E-01  2.81894125E-01  3.27218878E-05  5.45461378E-03  9.75982698E-03  3.23634950E+03  1.18410018E+06  1.25234212E+09  8.68100185E+00  8.36637352E+00  8.66656418E-28  0.00000000E+00  7.44181472E-07  0.00000000E+00  0.00000000E+00  0.00000000E+00  0.00000000E+00  0.00000000E+00  0.00000000E+00
00021  1.65894322E+06  1.99999775E+00  1.22054272E+00  2.05894065E-01  3.96387815E+00  7.32651101E+00  4.81198790E+00  1.62671507E+01 -2.64277564E+00  6.97347460E-01  2.81994734E-01  3.27445762E-05  5.45772182E-03  9.75624469E-03  3.23663305E+03  1.18414105E+06  1.25245865E+09  8.67873170E+00  8.36614652E+00  8.67928931E-28  0.00000000E+00  7.44278776E-07  0.00000000E+00  0.00000000E+00  0.00000000E+00  0.00000000E+00  0.00000000E+00  0.00000000E+00
00022  1.99780293E+06  1.99999729E+00  1.22055067E+00  2.05934718E-01  3.96385981E+00  7.32652143E+00  4.81195634E+00  1.62670895E+01 -2.64295892E+00  6.97227233E-01  2.82115556E-01  3.27720080E-05  5.46182118E-03  9.75152312E-03  3.23708792E+03  1.18400799E+06  1.25243544E+09  8.67647346E+00  8.36748196E+00  8.69690793E-28  0.00000000E+00  7.44417838E-07  0.00000000E+00  0.00000000E+00  0.00000000E+00  0.00000000E+00  0.00000000E+00  0.00000000E+00
00023  2.40443458E+06  1.99999674E+00  1.22058389E+00  2.05985923E-01  3.96384251E+00  7.32653621E+00  4.81192399E+00  1.62670239E+01 -2.64317394E+00  6.97082882E-01  2.82260651E-01  3.28052622E-05  5.46695549E-03  9.74561100E-03  3.23766091E+03  1.18377720E+06  1.25233931E+09  8.67407975E+00  8.37044915E+00  8.72002651E-28  0.00000000E+00  7.44606914E-07  0.00000000E+00  0.00000000E+00  0.00000000E+00  0.00000000E+00  0.00000000E+00  0.00000000E+00
00024  2.89239256E+06  1.99999607E+00  1.22062544E+00  2.06046505E-01  3.96382261E+00  7.32655465E+00  4.81188545E+00  1.62669460E+01 -2.64343392E+00  6.96909524E-01  2.82434919E-01  3.28453424E-05  5.47322477E-03  9.73839268E-03  3.23833898E+03  1.18349804E+06  1.25221906E+09  8.67128782E+00  8.37477860E+00  8.74844187E-28  0.00000000E+00  7.44842247E-07  0.00000000E+00  0.00000000E+00  0.00000000E+00  0.00000000E+00  0.00000000E+00  0.00000000E+00
00025  3.47794214E+06  1.99999527E+00  1.22067124E+00  2.06118897E-01  3.96379786E+00  7.32657609E+00  4.81183808E+00  1.62668507E+01 -2.64374624E+00  6.96701282E-01  2.82644258E-01  3.28934132E-05  5.48079324E-03  9.72967890E-03  3.23914942E+03  1.18317508E+06  1.25208654E+09  8.66784953E+00  8.38029925E+00  8.78207653E-28  0.00000000E+00  7.45119409E-07  0.00000000E+00  0.00000000E+00  0.00000000E+00  0.00000000E+00  0.00000000E+00  0.00000000E+00
00026  4.18060164E+06  1.99999431E+00  1.22072506E+00  2.06207241E-01  3.96376714E+00  7.32660038E+00  4.81178081E+00  1.62667343E+01 -2.64411708E+00  6.96451097E-01  2.82895761E-01  3.29509363E-05  5.48988920E-03  9.71920682E-03  3.24013870E+03  1.18278670E+06  1.25193078E+09  8.66356394E+00  8.38711743E+00  8.82139080E-28  0.00000000E+00  7.45439161E-07  0.00000000E+00  0.00000000E+00  0.00000000E+00  0.00000000E+00  0.00000000E+00  0.00000000E+00
00027  5.02379304E+06  1.99999316E+00  1.22079235E+00  2.06316146E-01  3.96372951E+00  7.32662772E+00  4.81171267E+00  1.62665933E+01 -2.64455456E+00  6.96150482E-01  2.83197958E-01  3.30197218E-05  5.50080330E-03  9.70664185E-03  3.24135863E+03  1.18230556E+06  1.25173608E+09  8.65823526E+00  8.39555227E+00  8.86726773E-28  0.00000000E+00  7.45806533E-07  0.00000000E+00  0.00000000E+00  0.00000000E+00  0.00000000E+00  0.00000000E+00  0.00000000E+00
00028  6.03562271E+06  1.99999178E+00  1.22087810E+00  2.06450686E-01  3.96368368E+00  7.32665840E+00  4.81163217E+00  1.62664230E+01 -2.64506936E+00  6.95789227E-01  2.83561110E-01  3.31019491E-05  5.51389033E-03  9.69157561E-03  3.24286631E+03  1.18170438E+06  1.25148810E+09  8.65162859E+00  8.40603493E+00  8.92080434E-28  0.00000000E+00  7.46228269E-07  0.00000000E+00  0.00000000E+00  0.00000000E+00  0.00000000E+00  0.00000000E+00  0.00000000E+00
00029  7.24981832E+06  1.99999013E+00  1.22098742E+00  2.06616864E-01  3.96362792E+00  7.32669269E+00  4.81153734E+00  1.62662176E+01 -2.64567438E+00  6.95355040E-01  2.83997571E-01  3.32002130E-05  5.52957577E-03  9.67351838E-03  3.24472946E+03  1.18095303E+06  1.25117207E+09  8.64345106E+00  8.41907971E+00  8.98326015E-28  0.00000000E+00  7.46711837E-07  0.00000000E+00  0.00000000E+00  0.00000000E+00  0.00000000E+00  0.00000000E+00  0.00000000E+00
00030  8.70685306E+06  1.99998813E+00  1.22112647E+00  2.06821979E-01  3.96356013E+00  7.32673085E+00  4.81142591E+00  1.62659702E+01 -2.64638479E+00  6.94833110E-01  2.84522224E-01  3.33175960E-05  5.54836651E-03  9.65188673E-03  3.24703059E+03  1.18001518E+06  1.25077030E+09  8.63334596E+00  8.43530178E+00  9.05611559E-28  0.00000000E+00  7.47265796E-07  0.00000000E+00  0.00000000E+00  0.00000000E+00  0.00000000E+00  0.00000000E+00  0.00000000E+00
00031  1.04552947E+07  1.99998574E+00  1.22130284E+00  2.07074889E-01  3.96347776E+00  7.32677319E+00  4.81129534E+00  1.62656724E+01 -2.64721844E+00  6.94205586E-01  2.85153009E-01  3.34577592E-05  5.57086445E-03  9.62598791E-03  3.24987011E+03  1.17884655E+06  1.25026096E+09  8.62088672E+00  8.45544295E+00  9.14116522E-28  0.00000000E+00  7.47900564E-07  0.00000000E+00  0.00000000E+00  0.00000000E+00  0.00000000E+00  0.00000000E+00  0.00000000E+00
00032  1.25534247E+07  1.99998287E+00  1.22152584E+00  2.07386272E-01  3.96337782E+00  7.32682014E+00  4.81114281E+00  1.62653147E+01 -2.64819645E+00  6.93450938E-01  2.85911558E-01  3.36250471E-05  5.59778228E-03  9.59500163E-03  3.25336950E+03  1.17739353E+06  1.24961734E+09  8.60556833E+00  8.48039510E+00  9.24062890E-28  0.00000000E+00  7.48629322E-07  0.00000000E+00  0.00000000E+00  0.00000000E+00  0.00000000E+00  0.00000000E+00  0.00000000E+00
00033  1.50711808E+07  1.99997941E+00  1.22180680E+00  2.07768939E-01  3.96325673E+00  7.32687232E+00  4.81096519E+00  1.62648858E+01 -2.64934401E+00  6.92543174E-01  2.86823985E-01  3.38246079E-05  5.62996138E-03  9.55795943E-03  3.25767508E+03  1.17559172E+06  1.24880703E+09  8.58679788E+00  8.51122360E+00  9.35729179E-28  0.00000000E+00  7.49469201E-07  0.00000000E+00  0.00000000E+00  0.00000000E+00  0.00000000E+00  0.00000000E+00  0.00000000E+00
00034  1.80924880E+07  1.99997526E+00  1.22215940E+00  2.08238227E-01  3.96311023E+00  7.32693063E+00  4.81075905E+00  1.62643726E+01 -2.65069138E+00  6.91450892E-01  2.87921837E-01  3.40625267E-05  5.66839166E-03  9.51372189E-03  3.26296300E+03  1.17336419E+06  1.24779097E+09  8.56388200E+00  8.54919688E+00  9.49469692E-28  0.00000000E+00  7.50442548E-07  0.00000000E+00  0.00000000E+00  0.00000000E+00  0.00000000E+00  0.00000000E+00  0.00000000E+00
00035  2.17180567E+07  1.99997027E+00  1.22260015E+00  2.08812472E-01  3.96293330E+00  7.32699638E+00  4.81052068E+00  1.62637597E+01 -2.65227491E+00  6.90136100E-01  2.89243272E-01  3.43459779E-05  5.71423298E-03  9.46095387E-03  3.26944517E+03  1.17061925E+06  1.24652214E+09  8.53601513E+00  8.59581727E+00  9.65738801E-28  0.00000000E+00  7.51578893E-07  0.00000000E+00  0.00000000E+00  0.00000000E+00  0.00000000E+00  0.00000000E+00  0.00000000E+00
00036  2.60687391E+07  1.99996426E+00  1.22315053E+00  2.09512549E-01  3.96272085E+00  7.32707192E+00  4.81024743E+00  1.62630324E+01 -2.65413505E+00  6.88556252E-01  2.90830995E-01  3.46818170E-05  5.76857523E-03  9.39840066E-03  3.27736512E+03  1.16724655E+06  1.24493971E+09  8.50239906E+00  8.65274236E+00  9.85111452E-28  0.00000000E+00  7.52923644E-07  0.00000000E+00  0.00000000E+00  0.00000000E+00  0.00000000E+00  0.00000000E+00  0.00000000E+00
00037  3.12895579E+07  1.99995702E+00  1.22385956E+00  2.10345826E-01  3.96248148E+00  7.32716723E+00  4.80995348E+00  1.62622180E+01 -2.65626805E+00  6.86721616E-01  2.92674312E-01  3.50530517E-05  5.82847283E-03  9.32945129E-03  3.28681703E+03  1.16310023E+06  1.24290436E+09  8.46429522E+00  8.72010121E+00  1.00811293E-27  0.00000000E+00  7.54633099E-07  0.00000000E+00  0.00000000E+00  0.00000000E+00  0.00000000E+00  0.00000000E+00  0.00000000E+00
00038  3.75545406E+07  1.99994830E+00  1.22475965E+00  2.11332256E-01  3.96221328E+00  7.32728819E+00  4.80963471E+00  1.62613089E+01 -2.65872098E+00  6.84605550E-01  2.94799898E-01  3.54620778E-05  5.89416106E-03  9.25383365E-03  3.29804154E+03  1.15804873E+06  1.24032566E+09  8.42147441E+00  8.80008993E+00  1.03560366E-27  0.00000000E+00  7.56810394E-07  0.00000000E+00  0.00000000E+00  0.00000000E+00  0.00000000E+00  0.00000000E+00  0.00000000E+00
00039  4.50725198E+07  1.99993777E+00  1.22585000E+00  2.12535342E-01  3.96188433E+00  7.32742823E+00  4.80925653E+00  1.62602079E+01 -2.66165188E+00  6.82043206E-01  2.97373851E-01  3.59605610E-05  5.97426395E-03  9.16162285E-03  3.31178315E+03  1.15193728E+06  1.23720907E+09  8.36918767E+00  8.89850836E+00  1.06911427E-27  0.00000000E+00  7.59383100E-07  0.00000000E+00  0.00000000E+00  0.00000000E+00  0.00000000E+00  0.00000000E+00  0.00000000E+00
00040  5.40940948E+07  1.99992507E+00  1.22716221E+00  2.14020646E-01  3.96146973E+00  7.32758761E+00  4.80880476E+00  1.62588459E+01 -2.66519321E+00  6.78873888E-01  3.00557727E-01  3.65849280E-05  6.07471499E-03  9.04598919E-03  3.32882702E+03  1.14452637E+06  1.23346869E+09  8.30375398E+00  9.01991848E+00  1.11052418E-27  0.00000000E+00  7.62373375E-07  0.00000000E+00  0.00000000E+00  0.00000000E+00  0.00000000E+00  0.00000000E+00  0.00000000E+00
00041  6.49199848E+07  1.99990970E+00  1.22876222E+00  2.15838650E-01  3.96096073E+00  7.32777855E+00  4.80828817E+00  1.62572072E+01 -2.66943236E+00  6.74993844E-01  3.04455403E-01  3.73425266E-05  6.19636365E-03  8.90595202E-03  3.34980790E+03  1.13553653E+06  1.22892330E+09  8.22412667E+00  9.16764158E+00  1.16216133E-27  0.00000000E+00  7.65974754E-07  0.00000000E+00  0.00000000E+00  0.00000000E+00  0.00000000E+00  0.00000000E+00  0.00000000E+00
00042  7.79110528E+07  1.99989108E+00  1.23072366E+00  2.18049338E-01  3.96034574E+00  7.32801643E+00  4.80771515E+00  1.62552715E+01 -2.67448187E+00  6.70279555E-01  3.09190562E-01  3.82430545E-05  6.34035437E-03  8.74019051E-03  3.37549878E+03  1.12465910E+06  1.22337415E+09  8.12908419E+00  9.34617278E+00  1.22726230E-27  0.00000000E+00  7.70430791E-07  0.00000000E+00  0.00000000E+00  0.00000000E+00  0.00000000E+00  0.00000000E+00  0.00000000E+00
00043  9.35003345E+07  1.99986848E+00  1.23313637E+00  2.20734617E-01  3.95960628E+00  7.32831823E+00  4.80710213E+00  1.62530095E+01 -2.68047313E+00  6.64557041E-01  3.14937571E-01  3.93058566E-05  6.50933464E-03  8.54565316E-03  3.40697014E+03  1.11150928E+06  1.21658281E+09  8.01657688E+00  9.56165528E+00  1.31042819E-27  0.00000000E+00  7.76019295E-07  0.00000000E+00  0.00000000E+00  0.00000000E+00  0.00000000E+00  0.00000000E+00  0.00000000E+00
00044  1.12207472E+08  1.99984098E+00  1.23610009E+00  2.24000167E-01  3.95871444E+00  7.32870537E+00  4.80645549E+00  1.62503668E+01 -2.68761150E+00  6.57600044E-01  3.21923181E-01  4.05562585E-05  6.70670667E-03  8.31841794E-03  3.44563794E+03  1.09565008E+06  1.20829223E+09  7.88358368E+00  9.82173219E+00  1.41835936E-27  0.00000000E+00  7.83078670E-07  0.00000000E+00  0.00000000E+00  0.00000000E+00  0.00000000E+00  0.00000000E+00  0.00000000E+00
00045  1.34656038E+08  1.99980739E+00  1.23974056E+00  2.27981652E-01  3.95763381E+00  7.32920594E+00  4.80579046E+00  1.62472803E+01 -2.69614601E+00  6.49121520E-01  3.30434983E-01  4.20237664E-05  6.93623573E-03  8.05414237E-03  3.49337746E+03  1.07655280E+06  1.19818595E+09  7.72640256E+00  1.01359617E+01  1.56105186E-27  0.00000000E+00  7.92050906E-07  0.00000000E+00  0.00000000E+00  0.00000000E+00  0.00000000E+00  0.00000000E+00  0.00000000E+00
00046  1.61594317E+08  1.99976623E+00  1.24421881E+00  2.32855405E-01  3.95631650E+00  7.32985705E+00  4.80513804E+00  1.62436800E+01 -2.70637497E+00  6.38755979E-01  3.40839052E-01  4.37421841E-05  7.20192050E-03  7.74821147E-03  3.55271699E+03  1.05357500E+06  1.18586987E+09  7.54050755E+00  1.05165219E+01  1.75394654E-27  0.00000000E+00  8.03521960E-07  0.00000000E+00  0.00000000E+00  0.00000000E+00  0.00000000E+00  0.00000000E+00  0.00000000E+00
00047  1.93920251E+08  1.99971551E+00  1.24973871E+00  2.38854618E-01  3.95469687E+00  7.33070839E+00  4.80454751E+00  1.62394824E+01 -2.71867301E+00  6.26032926E-01  3.53606485E-01  4.57504361E-05  7.50789333E-03  7.39585065E-03  3.62714519E+03  1.02594556E+06  1.17086311E+09  7.32012807E+00  1.09791587E+01  2.02193738E-27  0.00000000E+00  8.18275988E-07  0.00000000E+00  0.00000000E+00  0.00000000E+00  0.00000000E+00  0.00000000E+00  0.00000000E+00
00048  2.32711372E+08  1.99965265E+00  1.25655994E+00  2.46295183E-01  3.95268189E+00  7.33182710E+00  4.80409518E+00  1.62345855E+01 -2.73351823E+00  6.10337946E-01  3.69352301E-01  4.80937771E-05  7.85827866E-03  6.99228610E-03  3.72162503E+03  9.92739281E+05  1.15258040E+09  7.05767126E+00  1.15446199E+01  2.40713895E-27  0.00000000E+00  8.37374806E-07  0.00000000E+00  0.00000000E+00  0.00000000E+00  0.00000000E+00  0.00000000E+00  0.00000000E+00
00049  2.71942670E+08  1.99958688E+00  1.26364764E+00  2.54110954E-01  3.95054593E+00  7.33305663E+00  4.80389321E+00  1.62297427E+01 -2.74867163E+00  5.93993180E-01  3.85746252E-01  5.04087794E-05  8.19716910E-03  6.60189568E-03  3.82352042E+03  9.59186747E+05  1.13388563E+09  6.79231432E+00  1.21292218E+01  2.88309648E-27  0.00000000E+00  8.58089154E-07  0.00000000E+00  0.00000000E+00  0.00000000E+00  0.00000000E+00  0.00000000E+00  0.00000000E+00
00050  3.09956373E+08  1.99952095E+00  1.27067552E+00  2.61987675E-01  3.94836454E+00  7.33433898E+00  4.80393700E+00  1.62251317E+01 -2.76351290E+00  5.77685312E-01  4.02099845E-01  5.26085469E-05  8.51211645E-03  6.23902322E-03  3.92903280E+03  9.26765641E+05  1.11564763E+09  6.53369481E+00  1.27089247E+01  3.44804208E-27  0.00000000E+00  8.79480484E-07  0.00000000E+00  0.00000000E+00  0.00000000E+00  0.00000000E+00  0.00000000E+00  0.00000000E+00
00051  3.46667208E+08  1.99945509E+00  1.27760294E+00  2.69905595E-01  3.94613743E+00  7.33566301E+00  4.80420604E+00  1.62207411E+01 -2.77801409E+00  5.61473967E-01  4.18353655E-01  5.46983108E-05  8.80450074E-03  5.90208343E-03  4.03803136E+03  8.95562667E+05  1.09795699E+09  6.28131574E+00  1.32823025E+01  4.11587987E-27  0.00000000E+00  9.01396354E-07  0.00000000E+00  0.00000000E+00  0.00000000E+00  0.00000000E+00  0.00000000E+00  0.00000000E+00
00052  3.82160236E+08  1.99938922E+00  1.28442512E+00  2.77880448E-01  3.94385555E+00  7.33702441E+00  4.80468246E+00  1.62165427E+01 -2.79221156E+00  5.45345409E-01  4.34521769E-01  5.66911151E-05  9.07674251E-03  5.58829290E-03  4.15086988E+03  8.65506507E+05  1.08080873E+09  6.03387855E+00  1.38503206E+01  4.90551123E-27  0.00000000E+00  9.23787674E-07  0.00000000E+00  0.00000000E+00  0.00000000E+00  0.00000000E+00  0.00000000E+00  0.00000000E+00
00053  4.16473124E+08  1.99932338E+00  1.29113123E+00  2.85916950E-01  3.94151383E+00  7.33841887E+00  4.80535354E+00  1.62125205E+01 -2.80611704E+00  5.29305541E-01  4.50598537E-01  5.85959481E-05  9.33059504E-03  5.29563596E-03  4.26777018E+03  8.36563892E+05  1.06421267E+09  5.79065596E+00  1.44130532E+01  5.83856676E-27  0.00000000E+00  9.46596101E-07  0.00000000E+00  0.00000000E+00  0.00000000E+00  0.00000000E+00  0.00000000E+00  0.00000000E+00
00054  4.49634166E+08  1.99925757E+00  1.29770985E+00  2.94016783E-01  3.93910857E+00  7.33984256E+00  4.80620919E+00  1.62086635E+01 -2.81973484E+00  5.13364226E-01  4.66574307E-01  6.04199543E-05  9.56752673E-03  5.02242489E-03  4.38892258E+03  8.08708616E+05  1.04817913E+09  5.55118980E+00  1.49702458E+01  6.94014460E-27  0.00000000E+00  9.69765519E-07  0.00000000E+00  0.00000000E+00  0.00000000E+00  0.00000000E+00  0.00000000E+00  0.00000000E+00
00055  4.81674977E+08  1.99919183E+00  1.30415140E+00  3.02181556E-01  3.93663657E+00  7.34129252E+00  4.80724183E+00  1.62049633E+01 -2.83306749E+00  4.97529423E-01  4.82441312E-01  6.21699388E-05  9.78885751E-03  4.76714214E-03  4.51452665E+03  7.81910765E+05  1.03271310E+09  5.31517332E+00  1.55215575E+01  8.23979409E-27  0.00000000E+00  9.93250161E-07  0.00000000E+00  0.00000000E+00  0.00000000E+00  0.00000000E+00  0.00000000E+00  0.00000000E+00
00056  5.12609295E+08  1.99912623E+00  1.31044336E+00  3.10407518E-01  3.93409658E+00  7.34276541E+00  4.80844470E+00  1.62014156E+01 -2.84610807E+00  4.81817797E-01  4.98183040E-01  6.38506301E-05  9.99565011E-03  4.52856684E-03  4.64470664E+03  7.56154888E+05  1.01782583E+09  5.08260256E+00  1.60661655E+01  9.77065636E-27  0.00000000E+00  1.01699506E-06  0.00000000E+00  0.00000000E+00  0.00000000E+00  0.00000000E+00  0.00000000E+00  0.00000000E+00
00057  5.42453849E+08  1.99906082E+00  1.31657470E+00  3.18690239E-01  3.93148805E+00  7.34425864E+00  4.80981299E+00  1.61980187E+01 -2.85884827E+00  4.66244480E-01  5.13784501E-01  6.54666849E-05  1.01888869E-02  4.30557008E-03  4.77957714E+03  7.31422439E+05  1.00352435E+09  4.85353813E+00  1.66032147E+01  1.15717039E-26  0.00000000E+00  1.04095472E-06  0.00000000E+00  0.00000000E+00  0.00000000E+00  0.00000000E+00  0.00000000E+00  0.00000000E+00
00058  5.71235542E+08  1.99899564E+00  1.32253627E+00  3.27028180E-01  3.92880947E+00  7.34576989E+00  4.81134191E+00  1.61947688E+01 -2.87128487E+00  4.50817968E-01  5.29237339E-01  6.70228536E-05  1.03695356E-02  4.09703957E-03  4.91930180E+03  7.07685759E+05  9.89810813E+08  4.62805602E+00  1.71319146E+01  1.36884753E-26  0.00000000E+00  1.06508657E-06  0.00000000E+00  0.00000000E+00  0.00000000E+00  0.00000000E+00  0.00000000E+00  0.00000000E+00
00059  5.98991450E+08  1.99893072E+00  1.32832164E+00  3.35422806E-01  3.92605850E+00  7.34729857E+00  4.81303112E+00  1.61916637E+01 -2.88341762E+00  4.35535925E-01  5.44544033E-01  6.85248688E-05  1.05385873E-02  3.90183504E-03  5.06410217E+03  6.84908008E+05  9.76680941E+08  4.40616788E+00  1.76516548E+01  1.61763314E-26  0.00000000E+00  1.08937072E-06  0.00000000E+00  0.00000000E+00  0.00000000E+00  0.00000000E+00  0.00000000E+00  0.00000000E+00
00060  6.25757098E+08  1.99886607E+00  1.33392076E+00  3.43880385E-01  3.92322949E+00  7.34884558E+00  4.81488770E+00  1.61887003E+01 -2.89525114E+00  4.20372103E-01  5.59730996E-01  6.99801077E-05  1.06971738E-02  3.71865292E-03  5.21429804E+03  6.63051787E+05  9.64138764E+08  4.18764614E+00  1.81618897E+01  1.91040667E-26  0.00000000E+00  1.11379390E-06  0.00000000E+00  0.00000000E+00  0.00000000E+00  0.00000000E+00  0.00000000E+00  0.00000000E+00
00061  6.51539071E+08  1.99880178E+00  1.33928813E+00  3.52438565E-01  3.92029225E+00  7.35042404E+00  4.81698408E+00  1.61858728E+01 -2.90681337E+00  4.05115596E-01  5.75009539E-01  7.14102410E-05  1.08480969E-02  3.54426244E-03  5.37081391E+03  6.42087134E+05  9.52265852E+08  3.97017568E+00  1.86624761E+01  2.25864887E-26  0.00000000E+00  1.13839498E-06  0.00000000E+00  0.00000000E+00  0.00000000E+00  0.00000000E+00  0.00000000E+00  0.00000000E+00
00062  6.76177289E+08  1.99873839E+00  1.34437656E+00  3.61036240E-01  3.91726552E+00  7.35202473E+00  4.81931928E+00  1.61832098E+01 -2.91800621E+00  3.89866424E-01  5.90279565E-01  7.28030664E-05  1.09908245E-02  3.37928809E-03  5.53278131E+03  6.22128816E+05  9.41143851E+08  3.75554157E+00  1.91485339E+01  2.67074830E-26  0.00000000E+00  1.16298737E-06  0.00000000E+00  0.00000000E+00  0.00000000E+00  0.00000000E+00  0.00000000E+00  0.00000000E+00
00063  6.99606896E+08  1.99867623E+00  1.34920571E+00  3.69565436E-01  3.91420821E+00  7.35361874E+00  4.82177801E+00  1.61807341E+01 -2.92871931E+00  3.75008044E-01  6.05157195E-01  7.41328564E-05  1.11224675E-02  3.22706600E-03  5.69828347E+03  6.03246701E+05  9.30707787E+08  3.54866142E+00  1.96153558E+01  3.14896018E-26  0.00000000E+00  1.18732221E-06  0.00000000E+00  0.00000000E+00  0.00000000E+00  0.00000000E+00  0.00000000E+00  0.00000000E+00
00064  7.22102208E+08  1.99861474E+00  1.35381872E+00  3.78100955E-01  3.91109370E+00  7.35522077E+00  4.82437961E+00  1.61784218E+01 -2.93905637E+00  3.60400811E-01  6.19782375E-01  7.54179708E-05  1.12450972E-02  3.08520419E-03  5.86886352E+03  5.85220738E+05  9.20845947E+08  3.34774828E+00  2.00670037E+01  3.70859499E-26  0.00000000E+00  1.21163319E-06  0.00000000E+00  0.00000000E+00  0.00000000E+00  0.00000000E+00  0.00000000E+00  0.00000000E+00
00065  7.43843851E+08  1.99855350E+00  1.35824920E+00  3.86699155E-01  3.90790222E+00  7.35684131E+00  4.82714870E+00  1.61762675E+01 -2.94906317E+00  3.45951643E-01  6.34248391E-01  7.66701474E-05  1.13601127E-02  2.95208840E-03  6.04585830E+03  5.67890254E+05  9.11471715E+08  3.15178087E+00  2.05060364E+01  4.36811352E-26  0.00000000E+00  1.23494918E-06  0.00000000E+00  0.00000000E+00  0.00000000E+00  0.00000000E+00  0.00000000E+00  0.00000000E+00
00066  7.64855831E+08  1.99849255E+00  1.36251493E+00  3.95364645E-01  3.90463591E+00  7.35848068E+00  4.83012809E+00  1.61743164E+01 -2.95863648E+00  3.31664373E-01  6.48551482E-01  7.78924058E-05  1.14680128E-02  2.82714436E-03  6.22963815E+03  5.51196819E+05  9.02535345E+08  2.96127128E+00  2.09326447E+01  5.14644666E-26  0.00000000E+00  1.25954413E-06  0.00000000E+00  0.00000000E+00  0.00000000E+00  0.00000000E+00  0.00000000E+00  0.00000000E+00
00067  7.85159967E+08  1.99843189E+00  1.36658748E+00  4.04088572E-01  3.90129208E+00  7.36013984E+00  4.83327197E+00  1.61725266E+01 -2.96788176E+00  3.17544339E-01  6.62686377E-01  7.90876604E-05  1.15692498E-02  2.70985124E-03  6.42029972E+03  5.35160269E+05  8.94084338E+08  2.77623291E+00  2.13450760E+01  6.06610501E-26  0.00000000E+00  1.28429290E-06  0.00000000E+00  0.00000000E+00  0.00000000E+00  0.00000000E+00  0.00000000E+00  0.00000000E+00
00068  8.04748138E+08  1.99837166E+00  1.37045722E+00  4.12854424E-01  3.89787659E+00  7.36181702E+00  4.83657842E+00  1.61709067E+01 -2.97677641E+00  3.03616535E-01  6.76628124E-01  8.02569723E-05  1.16641176E-02  2.59987181E-03  6.61775410E+03  5.19783025E+05  8.86126366E+08  2.59721531E+00  2.17419804E+01  7.15236069E-26  0.00000000E+00  1.30917298E-06  0.00000000E+00  0.00000000E+00  0.00000000E+00  0.00000000E+00  0.00000000E+00  0.00000000E+00
00069  8.23646655E+08  1.99831186E+00  1.37412504E+00  4.21662338E-01  3.89438959E+00  7.36351481E+00  4.84006120E+00  1.61694709E+01 -2.98530050E+00  2.89874246E-01  6.90383507E-01  8.14048433E-05  1.17531010E-02  2.49664608E-03  6.82227144E+03  5.05033711E+05  8.78647836E+08  2.42438519E+00  2.21229744E+01  8.43801857E-26  0.00000000E+00  1.33422448E-06  0.00000000E+00  0.00000000E+00  0.00000000E+00  0.00000000E+00  0.00000000E+00  0.00000000E+00
00070  8.41890108E+08  1.99825249E+00  1.37757549E+00  4.30537534E-01  3.89081460E+00  7.36524591E+00  4.84377965E+00  1.61682376E+01 -2.99344520E+00  2.76206808E-01  7.04063348E-01  8.25460767E-05  1.18372592E-02  2.39894353E-03  7.03474306E+03  4.90872735E+05  8.71668769E+08  2.25687490E+00  2.24879159E+01  9.97421602E-26  0.00000000E+00  1.35957007E-06  0.00000000E+00  0.00000000E+00  0.00000000E+00  0.00000000E+00  0.00000000E+00  0.00000000E+00
00071  8.59451306E+08  1.99819372E+00  1.38074266E+00  4.39528801E-01  3.88711076E+00  7.36704415E+00  4.84789728E+00  1.61672523E+01 -3.00118717E+00  2.62314396E-01  7.17967763E-01  8.36986533E-05  1.19185917E-02  2.30445539E-03  7.25673941E+03  4.77292848E+05  8.65309643E+08  2.09230591E+00  2.28354702E+01  1.18519753E-25  0.00000000E+00  1.38545265E-06  0.00000000E+00  0.00000000E+00  0.00000000E+00  0.00000000E+00  0.00000000E+00  0.00000000E+00
00072  8.76127311E+08  1.99813638E+00  1.38366826E+00  4.48409548E-01  3.88340179E+00  7.36884277E+00  4.85214706E+00  1.61665059E+01 -3.00839624E+00  2.48851633E-01  7.31441610E-01  8.48124814E-05  1.19935789E-02  2.21727068E-03  7.48288169E+03  4.64465705E+05  8.59475454E+08  1.93739724E+00  2.31598687E+01  1.40645849E-25  0.00000000E+00  1.41127854E-06  0.00000000E+00  0.00000000E+00  0.00000000E+00  0.00000000E+00  0.00000000E+00  0.00000000E+00
00073  8.92103273E+08  1.99807997E+00  1.38637631E+00  4.57244567E-01  3.87966129E+00  7.37065880E+00  4.85656597E+00  1.61659979E+01 -3.01513405E+00  2.35700124E-01  7.44603451E-01  8.59062262E-05  1.20633453E-02  2.13607922E-03  7.71485091E+03  4.52257800E+05  8.54108748E+08  1.79069566E+00  2.34643755E+01  1.66983355E-25  0.00000000E+00  1.43734463E-06  0.00000000E+00  0.00000000E+00  0.00000000E+00  0.00000000E+00  0.00000000E+00  0.00000000E+00
00074  9.07557846E+08  1.99802397E+00  1.38889599E+00  4.66113728E-01  3.87585663E+00  7.37251288E+00  4.86120009E+00  1.61657330E+01 -3.02146430E+00  2.22733456E-01  7.57579846E-01  8.69937026E-05  1.21289020E-02  2.05970738E-03  7.95494839E+03  4.40527352E+05  8.49143947E+08  1.65079889E+00  2.37518804E+01  1.98751716E-25  0.00000000E+00  1.46399944E-06  0.00000000E+00  0.00000000E+00  0.00000000E+00  0.00000000E+00  0.00000000E+00  0.00000000E+00
00075  9.22519656E+08  1.99796833E+00  1.39123235E+00  4.75019893E-01  3.87198764E+00  7.37441156E+00  4.86606675E+00  1.61657308E+01 -3.02737576E+00  2.09941338E-01  7.70381138E-01  8.80798261E-05  1.21905807E-02  1.98776921E-03  8.20356570E+03  4.29245905E+05  8.44564570E+08  1.51766870E+00  2.40225407E+01  2.37321469E-25  0.00000000E+00  1.49139621E-06  0.00000000E+00  0.00000000E+00  0.00000000E+00  0.00000000E+00  0.00000000E+00  0.00000000E+00
00076  9.37007006E+08  1.99791307E+00  1.39338663E+00  4.83963555E-01  3.86805438E+00  7.37636338E+00  4.87119499E+00  1.61660188E+01 -3.03284596E+00  1.97303042E-01  7.83028105E-01  8.91719158E-05  1.22487300E-02  1.91985684E-03  8.46104801E+03  4.18392797E+05  8.40362318E+08  1.39120311E+00  2.42763989E+01  2.84534696E-25  0.00000000E+00  1.51971497E-06  0.00000000E+00  0.00000000E+00  0.00000000E+00  0.00000000E+00  0.00000000E+00  0.00000000E+00
00077  9.51014881E+08  1.99785828E+00  1.39528299E+00  4.93025248E-01  3.86399762E+00  7.37843703E+00  4.87688381E+00  1.61667217E+01 -3.03779141E+00  1.84377128E-01  7.95962503E-01  9.03156033E-05  1.23054524E-02  1.85350624E-03  8.73016906E+03  4.07945664E+05  8.36677897E+08  1.26856634E+00  2.45123163E+01  3.44804102E-25  0.00000000E+00  1.54970129E-06  0.00000000E+00  0.00000000E+00  0.00000000E+00  0.00000000E+00  0.00000000E+00  0.00000000E+00
00078  9.64281434E+08  1.99780511E+00  1.39698639E+00  5.01915654E-01  3.85997827E+00  7.38054096E+00  4.88279789E+00  1.61678008E+01 -3.04207106E+00  1.71876662E-01  8.08470828E-01  9.14387624E-05  1.23578448E-02  1.79213171E-03  9.00251889E+03  3.98093791E+05  8.33380515E+08  1.15549624E+00  2.47267338E+01  4.18647161E-25  0.00000000E+00  1.58050552E-06  0.00000000E+00  0.00000000E+00  0.00000000E+00  0.00000000E+00  0.00000000E+00  0.00000000E+00
00079  9.76933612E+08  1.99775319E+00  1.39851619E+00  5.10665584E-01  3.85598575E+00  7.38268952E+00  4.88893994E+00  1.61692545E+01 -3.04576080E+00  1.59754820E-01  8.20599984E-01  9.25605614E-05  1.24064296E-02  1.73511052E-03  9.27885909E+03  3.88761364E+05  8.30428513E+08  1.05109589E+00  2.49223439E+01  5.10002521E-25  0.00000000E+00  1.61252113E-06  0.00000000E+00  0.00000000E+00  0.00000000E+00  0.00000000E+00  0.00000000E+00  0.00000000E+00
00080  9.89173098E+08  1.99770179E+00  1.39991188E+00  5.19384566E-01  3.85197518E+00  7.38492385E+00  4.89542407E+00  1.61711441E+01 -3.04888421E+00  1.47836990E-01  8.32524727E-01  9.37023634E-05  1.24521526E-02  1.68133319E-03  9.56265835E+03  3.79792231E+05  8.27742754E+08  9.53695802E-01  2.51030740E+01  6.25699120E-25  0.00000000E+00  1.64655187E-06  2.51950395E-01  0.00000000E+00  0.00000000E+00  1.85337917E-01  0.00000000E+00  0.00000000E+00
00081  1.00101434E+09  1.99765092E+00  1.40119061E+00  5.28056071E-01  3.84795911E+00  7.38725964E+00  4.90228795E+00  1.61735225E+01 -3.05140923E+00  1.36118731E-01  8.44249530E-01  9.48717516E-05  1.24952287E-02  1.63054426E-03  9.85352058E+03  3.71170735E+05  8.25288139E+08  8.63209360E-01  2.52699209E+01  7.74201031E-25  0.00000000E+00  1.68308992E-06  2.53263044E-01  0.00000000E+00  0.00000000E+00  1.85238630E-01  0.00000000E+00  0.00000000E+00
00082  1.01243649E+09  1.99760073E+00  1.40236612E+00  5.36639218E-01  3.84396142E+00  7.38971482E+00  4.90958300E+00  1.61764608E+01 -3.05327643E+00  1.24599058E-01  8.55775407E-01  9.60798377E-05  1.25358422E-02  1.58251796E-03  1.01501300E+04  3.62905248E+05  8.23036666E+08  7.79657304E-01  2.54236391E+01  9.67780114E-25  0.00000000E+00  1.72271081E-06  2.53737564E-01  0.00000000E+00  0.00000000E+00  1.84836498E-01  0.00000000E+00  0.00000000E+00
00083  1.02341667E+09  1.99755141E+00  1.40341985E+00  5.45155767E-01  3.83996658E+00  7.39239666E+00  4.91774384E+00  1.61802681E+01 -3.05419518E+00  1.12890315E-01  8.67490241E-01  9.73812846E-05  1.25754376E-02  1.53553076E-03  1.04532609E+04  3.54978067E+05  8.21021871E+08  7.01550652E-01  2.55650117E+01  1.23438124E-24  0.00000000E+00  1.76639332E-06  2.53273219E-01  0.00000000E+00  0.00000000E+00  1.84089623E-01  0.00000000E+00  0.00000000E+00
00084  1.03378151E+09  1.99750386E+00  1.40445100E+00  5.53330223E-01  3.83613714E+00  7.39519369E+00  4.92630032E+00  1.61847717E+01 -3.05425934E+00  1.01670580E-01  8.78715626E-01  9.87026696E-05  1.26119085E-02  1.49208792E-03  1.07527275E+04  3.47516348E+05  8.19055327E+08  6.32233274E-01  2.56951083E+01  1.58994180E-24  0.00000000E+00  1.81510529E-06  2.53124254E-01  0.00000000E+00  0.00000000E+00  1.83421527E-01  0.00000000E+00  0.00000000E+00
00085  1.04363303E+09  1.99745774E+00  1.40551152E+00  5.61180130E-01  3.83247731E+00  7.39815148E+00  4.93539909E+00  1.61901195E+01 -3.05335693E+00  9.08512475E-02  8.89540254E-01  1.00077408E-04  1.26457684E-02  1.45155794E-03  1.10483778E+04  3.40443275E+05  8.17038825E+08  5.70796107E-01  2.58187482E+01  2.07721600E-24  0.00000000E+00  1.86929992E-06  2.53007747E-01  0.00000000E+00  0.00000000E+00  1.82706417E-01  0.00000000E+00  0.00000000E+00
00086  1.05293262E+09  1.99741333E+00  1.40665286E+00  5.68601100E-01  3.82905216E+00  7.40128784E+00  4.94504756E+00  1.61963806E+01 -3.05147289E+00  8.04875053E-02  8.99908945E-01  1.01515002E-04  1.26770605E-02  1.41387879E-03  1.13353465E+04  3.33782171E+05  8.14876315E+08  5.17249272E-01  2.59388486E+01  2.75731554E-24  0.00000000E+00  1.93010866E-06  2.52963219E-01  0.00000000E+00  0.00000000E+00  1.81949212E-01  0.00000000E+00  0.00000000E+00
00087  1.06162132E+09  1.99737106E+00  1.40794176E+00  5.75474030E-01  3.82593792E+00  7.40463320E+00  4.95532696E+00  1.62036936E+01 -3.04848999E+00  7.06048889E-02  9.09796189E-01  1.03033559E-04  1.27059076E-02  1.37888586E-03  1.16077699E+04  3.27554012E+05  8.12444318E+08  4.71571647E-01  2.60594097E+01  3.72845032E-24  0.00000000E+00  1.99910150E-06  2.52962854E-01  0.00000000E+00  0.00000000E+00  1.81132529E-01  0.00000000E+00  0.00000000E+00
00088  1.06972276E+09  1.99733093E+00  1.40949684E+00  5.81730023E-01  3.82319869E+00  7.40835604E+00  4.96678030E+00  1.62125868E+01 -3.04400411E+00  6.09054901E-02  9.19500062E-01  1.04707287E-04  1.27333209E-02  1.34532474E-03  1.18614325E+04  3.21702473E+05  8.09524132E+08  4.33050159E-01  2.61877912E+01  5.21362936E-24  0.00000000E+00  2.08118233E-06  2.52954923E-01  0.00000000E+00  0.00000000E+00  1.80222022E-01  0.00000000E+00  0.00000000E+00
00089  1.07713554E+09  1.99729358E+00  1.41142340E+00  5.87151098E-01  3.82096980E+00  7.41234126E+00  4.97891846E+00  1.62228033E+01 -3.03825263E+00  5.19081905E-02  9.28501476E-01  1.06471831E-04  1.27580051E-02  1.31476149E-03  1.20857279E+04  3.16293689E+05  8.05925917E+08  4.02939469E-01  2.63285235E+01  7.45979422E-24  0.00000000E+00  2.17694832E-06  2.52943069E-01  0.00000000E+00  0.00000000E+00  1.79206549E-01  0.00000000E+00  0.00000000E+00
00090  1.08397287E+09  1.99725858E+00  1.41387261E+00  5.91701776E-01  3.81930676E+00  7.41670924E+00  4.99206428E+00  1.62347249E+01 -3.03100269E+00  4.34950103E-02  9.36918502E-01  1.08394322E-04  1.27804397E-02  1.28655867E-03  1.22772935E+04  3.11225675E+05  8.01379635E+08  3.80698691E-01  2.64914006E+01  1.10431410E-23  0.00000000E+00  2.28984822E-06  2.52937278E-01  0.00000000E+00  0.00000000E+00  1.78040907E-01  0.00000000E+00  0.00000000E+00
00091  1.09035174E+09  1.99722541E+00  1.41711352E+00  5.95287606E-01  3.81832407E+00  7.42168188E+00  5.00684147E+00  1.62491028E+01 -3.02172195E+00  3.55044793E-02  9.44912721E-01  1.10580153E-04  1.28011556E-02  1.25996891E-03  1.24303967E+04  3.06361543E+05  7.95408404E+08  3.66471528E-01  2.66916482E+01  1.72571594E-23  0.00000000E+00  2.43049461E-06  2.52938720E-01  0.00000000E+00  0.00000000E+00  1.76654180E-01  0.00000000E+00  0.00000000E+00
00092  1.09625141E+09  1.99719425E+00  1.42170460E+00  5.97506151E-01  3.81836257E+00  7.42772113E+00  5.02464826E+00  1.62676433E+01 -3.00899592E+00  2.76946442E-02  9.52726249E-01  1.13236787E-04  1.28208100E-02  1.23396468E-03  1.25261092E+04  3.01585924E+05  7.87031865E+08  3.62386372E-01  2.69573420E+01  2.96469832E-23  0.00000000E+00  2.61970115E-06  2.52948957E-01  0.00000000E+00  0.00000000E+00  1.74907184E-01  0.00000000E+00  0.00000000E+00
00093  1.10097114E+09  1.99716897E+00  1.42722327E+00  5.97948120E-01  3.81952125E+00  7.43401341E+00  5.04297903E+00  1.62879221E+01 -2.99454177E+00  2.13521371E-02  9.59071880E-01  1.15989277E-04  1.28362498E-02  1.21264923E-03  1.25453244E+04  2.97467446E+05  7.77084342E+08  3.69807042E-01  2.72619345E+01  5.19983399E-23  0.00000000E+00  2.84006150E-06  2.52962654E-01  0.00000000E+00  0.00000000E+00  1.72999527E-01  0.00000000E+00  0.00000000E+00
00094  1.10474693E+09  1.99714851E+00  1.43375341E+00  5.96702552E-01  3.82177657E+00  7.44066948E+00  5.06215106E+00  1.63102022E+01 -2.97825775E+00  1.61975747E-02  9.64229134E-01  1.18914905E-04  1.28482664E-02  1.19501517E-03  1.24915339E+04  2.93863717E+05  7.65479499E+08  3.88244526E-01  2.76091566E+01  9.40829613E-23  0.00000000E+00  3.10188969E-06  2.52984990E-01  0.00000000E+00  0.00000000E+00  1.70909631E-01  0.00000000E+00  0.00000000E+00
00095  1.10776756E+09  1.99713195E+00  1.44190498E+00  5.93542327E-01  3.82539458E+00  7.44817865E+00  5.08374797E+00  1.63363047E+01 -2.95853270E+00  1.18407987E-02  9.68588382E-01  1.22259104E-04  1.28577700E-02  1.17969500E-03  1.23559810E+04  2.90500859E+05  7.51239463E+08  4.20752158E-01  2.80181209E+01  1.83324081E-22  0.00000000E+00  3.43304604E-06  2.53011745E-01  0.00000000E+00  0.00000000E+00  1.68484659E-01  0.00000000E+00  0.00000000E+00
00096  1.11018407E+09  1.99711855E+00  1.45179514E+00  5.88474959E-01  3.83040080E+00  7.45656577E+00  5.10789089E+00  1.63664250E+01 -2.93510522E+00  8.33404933E-03  9.72097357E-01  1.26015226E-04  1.28645843E-02  1.16689905E-03  1.21416480E+04  2.87288870E+05  7.34319937E+08  4.70289617E-01  2.84950856E+01  3.84880414E-22  0.00000000E+00  3.85451372E-06  2.53027247E-01  0.00000000E+00  0.00000000E+00  1.65696925E-01  0.00000000E+00  0.00000000E+00
00097  1.11211727E+09  1.99710770E+00  1.46507734E+00  5.80717581E-01  3.83760004E+00  7.46692407E+00  5.13818930E+00  1.64050720E+01 -2.90366564E+00  5.37779489E-03  9.75055825E-01  1.30772747E-04  1.28689746E-02  1.15553823E-03  1.18206879E+04  2.83654227E+05  7.12198016E+08  5.50853922E-01  2.90688144E+01  9.58900086E-22  0.00000000E+00  4.45552148E-06  2.53028935E-01  0.00000000E+00  0.00000000E+00  1.62162106E-01  0.00000000E+00  0.00000000E+00
00098  1.11366383E+09  1.99709886E+00  1.48476692E+00  5.68747933E-01  3.84850726E+00  7.48107642E+00  5.18142963E+00  1.64608400E+01 -2.85477261E+00  2.92062463E-03  9.77515383E-01  1.37457732E-04  1.28700906E-02  1.14534952E-03  1.13419894E+04  2.78654126E+05  6.80627123E+08  6.98573094E-01  2.97840177E+01  3.30999746E-21  0.00000000E+00  5.43932187E-06  2.53018278E-01  0.00000000E+00  0.00000000E+00  1.57161917E-01  0.00000000E+00  0.00000000E+00
00099  1.11490108E+09  1.99709142E+00  1.53023958E+00  5.45614373E-01  3.87144221E+00  7.50947674E+00  5.28768397E+00  1.65941902E+01 -2.70788168E+00  7.47363000E-04  9.79692329E-01  1.51668737E-04  1.28627266E-02  1.13481744E-03  1.04710373E+04  2.64681228E+05  6.12964008E+08  1.17458530E+00  3.07437535E+01  3.93522281E-20  0.00000000E+00  8.08126656E-06  2.53013429E-01  0.00000000E+00  0.00000000E+00  1.45921652E-01  0.00000000E+00  0.00000000E+00
00100  1.11589088E+09  1.99708448E+00  1.55373711E+00  5.88464627E-01  3.85589146E+00  7.47279254E+00  5.78163237E+00  1.70551403E+01 -1.38484109E+00  0.00000000E+00  9.79692313E-01  1.51662704E-04  1.36101119E-02  1.13481753E-03  1.21413182E+04  2.27181175E+05  5.80678753E+08  1.56814144E+00  3.57542776E+01  1.11024347E-20  0.00000000E+00  7.87041377E-06  2.53981335E-01  0.00000000E+00  0.00000000E+00  1.24014690E-01  0.00000000E+00  0.00000000E+00
