00000  0.00000000E+00  5.00000000E+01  5.55753676E+00  1.00215833E+00  4.64999452E+00  7.58421987E+00  3.32940882E+00  1.52163669E+01 -6.97612120E+00  6.99147565E-01  2.81392784E-01  2.23111187E-04  1.34006232E-02  4.24820984E-04  1.01279050E+04  5.44535399E+03  1.44115221E+06  1.03095382E+02  3.78851629E+05  4.01627496E-18  0.00000000E+00  6.94001278E-04  0.00000000E+00  0.00000000E+00  0.00000000E+00  0.00000000E+00  0.00000000E+00  0.00000000E+00
00001  2.82842712E+00  5.00000000E+01  5.56326076E+00  1.00383495E+00  4.65058721E+00  7.58453788E+00  3.32768096E+00  1.52158504E+01 -6.98121274E+00  6.99142453E-01  2.81397722E-01  2.22120020E-04  1.34017096E-02  4.24900960E-04  1.01867239E+04  5.35334845E+03  1.42228247E+06  1.02924815E+02  3.81361410E+05  4.09307262E-18  0.00000000E+00  6.89928573E-04  0.00000000E+00  0.00000000E+00  0.00000000E+00  0.00000000E+00  0.00000000E+00  0.00000000E+00
00002  5.65685425E+00  5.00000000E+01  5.56293204E+00  1.00374580E+00  4.65054961E+00  7.58453621E+00  3.32767819E+00  1.52158441E+01 -6.98121620E+00  6.99137527E-01  2.81402633E-01  2.22034951E-04  1.34018015E-02  4.24909263E-04  1.01835879E+04  5.35850182E+03  1.42335942E+06  1.02922826E+02  3.81348590E+05  4.09320897E-18  0.00000000E+00  6.90287836E-04  0.00000000E+00  0.00000000E+00  0.00000000E+00  0.00000000E+00  0.00000000E+00  0.00000000E+00
00003  9.05096680E+00  5.00000000E+01  5.56294770E+00  1.00375172E+00  4.65055056E+00  7.58453685E+00  3.32768169E+00  1.52158464E+01 -6.98121378E+00  6.99131652E-01  2.81408520E-01  2.22110747E-04  1.34017159E-02  4.24906030E-04  1.01837961E+04  5.35823554E+03  1.42330809E+06  1.02923174E+02  3.81370285E+05  4.09418653E-18  0.00000000E+00  6.90292628E-04  0.00000000E+00  0.00000000E+00  0.00000000E+00  0.00000000E+00  0.00000000E+00  0.00000000E+00
00004  1.31239019E+01  4.99999999E+01  5.56297960E+00  1.00375955E+00  4.65055462E+00  7.58453762E+00  3.32768588E+00  1.52158492E+01 -6.98121088E+00  6.99124610E-01  2.81415582E-01  2.22221063E-04  1.34015925E-02  4.24900079E-04  1.01840717E+04  5.35774527E+03  1.42320354E+06  1.02923592E+02  3.81395055E+05  4.09529639E-18  0.00000000E+00  6.90298296E-04  0.00000000E+00  0.00000000E+00  0.00000000E+00  0.00000000E+00  0.00000000E+00  0.00000000E+00
00005  1.80114239E+01  4.99999999E+01  5.56301058E+00  1.00376723E+00  4.65055853E+00  7.58453853E+00  3.32769090E+00  1.52158525E+01 -6.98120742E+00  6.99116160E-01  2.81424053E-01  2.22343649E-04  1.34014559E-02  4.24892641E-04  1.01843416E+04  5.35726845E+03  1.42310203E+06  1.02924088E+02  3.81423051E+05  4.09654385E-18  0.00000000E+00  6.90305070E-04  0.00000000E+00  0.00000000E+00  0.00000000E+00  0.00000000E+00  0.00000000E+00  0.00000000E+00
00006  2.38764504E+01  4.99999998E+01  5.56304031E+00  1.00377469E+00  4.65056223E+00  7.58453962E+00  3.32769689E+00  1.52158565E+01 -6.98120331E+00  6.99106021E-01  2.81434215E-01  2.22473570E-04  1.34013122E-02  4.24883659E-04  1.01846042E+04  5.35680960E+03  1.42300460E+06  1.02924671E+02  3.81454369E+05  4.09793094E-18  0.00000000E+00  6.90313129E-04  0.00000000E+00  0.00000000E+00  0.00000000E+00  0.00000000E+00  0.00000000E+00  0.00000000E+00
00007  3.09144822E+01  4.99999998E+01  5.56306881E+00  1.00378190E+00  4.65056575E+00  7.58454092E+00  3.32770404E+00  1.52158611E+01 -6.98119844E+00  6.99093855E-01  2.81446404E-01  2.22607631E-04  1.34011653E-02  4.24872853E-04  1.01848580E+04  5.35636910E+03  1.42291122E+06  1.02925353E+02  3.81489012E+05  4.09945526E-18  0.00000000E+00  6.90322668E-04  0.00000000E+00  0.00000000E+00  0.00000000E+00  0.00000000E+00  0.00000000E+00  0.00000000E+00
00008  3.93601203E+01  4.99999997E+01  5.56309589E+00  1.00378879E+00  4.65056907E+00  7.58454246E+00  3.32771254E+00  1.52158666E+01 -6.98119268E+00  6.99079259E-01  2.81461024E-01  2.22742130E-04  1.34010197E-02  4.24859858E-04  1.01851002E+04  5.35595022E+03  1.42282250E+06  1.02926143E+02  3.81526883E+05  4.10110968E-18  0.00000000E+00  6.90333900E-04  0.00000000E+00  0.00000000E+00  0.00000000E+00  0.00000000E+00  0.00000000E+00  0.00000000E+00
00009  4.94948861E+01  4.99999997E+01  5.56312133E+00  1.00379526E+00  4.65057220E+00  7.58454427E+00  3.32772265E+00  1.52158731E+01 -6.98118590E+00  6.99061747E-01  2.81478560E-01  2.22872783E-04  1.34008810E-02  4.24844235E-04  1.01853278E+04  5.35555668E+03  1.42273916E+06  1.02927050E+02  3.81567781E+05  4.10288276E-18  0.00000000E+00  6.90347061E-04  0.00000000E+00  0.00000000E+00  0.00000000E+00  0.00000000E+00  0.00000000E+00  0.00000000E+00
00010  6.16566050E+01  4.99999996E+01  5.56314494E+00  1.00380124E+00  4.65057511E+00  7.58454641E+00  3.32773466E+00  1.52158808E+01 -6.98117792E+00  6.99040739E-01  2.81499590E-01  2.22995079E-04  1.34007547E-02  4.24825458E-04  1.01855382E+04  5.35519184E+03  1.42266182E+06  1.02928082E+02  3.81611430E+05  4.10476034E-18  0.00000000E+00  6.90362402E-04  0.00000000E+00  0.00000000E+00  0.00000000E+00  0.00000000E+00  0.00000000E+00  0.00000000E+00
00011  7.62506677E+01  4.99999995E+01  5.56316655E+00  1.00380665E+00  4.65057781E+00  7.58454893E+00  3.32774888E+00  1.52158897E+01 -6.98116856E+00  6.99015539E-01  2.81524812E-01  2.23104817E-04  1.34006464E-02  4.24802898E-04  1.01857287E+04  5.35485851E+03  1.42259101E+06  1.02929244E+02  3.81657528E+05  4.10672841E-18  0.00000000E+00  6.90380193E-04  0.00000000E+00  0.00000000E+00  0.00000000E+00  0.00000000E+00  0.00000000E+00  0.00000000E+00
00012  9.37635430E+01  4.99999993E+01  5.56318995E+00  1.00380816E+00  4.65058290E+00  7.58455504E+00  3.32775271E+00  1.52159138E+01 -6.98115632E+00  6.99058027E-01  2.81480252E-01  2.11475223E-04  1.34132846E-02  4.25865365E-04  1.01857818E+04  5.35455138E+03  1.42251436E+06  1.02938059E+02  3.79147378E+05  3.98489875E-18  0.00000000E+00  6.90458775E-04  0.00000000E+00  0.00000000E+00  0.00000000E+00  0.00000000E+00  0.00000000E+00  0.00000000E+00
00013  1.14778993E+02  4.99999992E+01  5.56321590E+00  1.00380653E+00  4.65059021E+00  7.58456641E+00  3.32778352E+00  1.52159587E+01 -6.98112051E+00  6.99065577E-01  2.81471738E-01  2.06336618E-04  1.34185213E-02  4.26732101E-04  1.01857241E+04  5.35425165E+03  1.42242937E+06  1.02953209E+02  3.77854076E+05  3.92682201E-18  0.00000000E+00  6.90598182E-04  0.00000000E+00  0.00000000E+00  0.00000000E+00  0.00000000E+00  0.00000000E+00  0.00000000E+00
00014  1.39997534E+02  4.99999990E+01  5.56324287E+00  1.00380180E+00  4.65059931E+00  7.58458214E+00  3.32783114E+00  1.52160209E+01 -6.98106807E+00  6.99061280E-01  2.81475544E-01  2.03973309E-04  1.34205956E-02  4.27512490E-04  1.01855580E+04  5.35397734E+03  1.42234103E+06  1.02974077E+02  3.77238334E+05  3.89760666E-18  0.00000000E+00  6.90783999E-04  0.00000000E+00  0.00000000E+00  0.00000000E+00  0.00000000E+00  0.00000000E+00  0.00000000E+00
00015  1.70259782E+02  4.99999988E+01  5.56326927E+00  1.00379371E+00  4.65060996E+00  7.58460174E+00  3.32789151E+00  1.52160985E+01 -6.98100221E+00  6.99052654E-01  2.81483872E-01  2.02767281E-04  1.34213254E-02  4.28286530E-04  1.01852732E+04  5.35375163E+03  1.42225456E+06  1.03000070E+02  3.77068687E+05  3.88461788E-18  0.00000000E+00  6.91013663E-04  0.00000000E+00  0.00000000E+00  0.00000000E+00  0.00000000E+00  0.00000000E+00  0.00000000E+00
00016  2.06574480E+02  4.99999985E+01  5.56329536E+00  1.00378270E+00  4.65062199E+00  7.58462469E+00  3.32796241E+00  1.52161891E+01 -6.98092528E+00  6.99041445E-01  2.81494879E-01  2.02162538E-04  1.34213250E-02  4.29093254E-04  1.01848861E+04  5.35356563E+03  1.42216912E+06  1.03030456E+02  3.77219551E+05  3.88201731E-18  0.00000000E+00  6.91282240E-04  0.00000000E+00  0.00000000E+00  0.00000000E+00  0.00000000E+00  0.00000000E+00  0.00000000E+00
00017  2.50152118E+02  4.99999982E+01  5.56332082E+00  1.00376923E+00  4.65063509E+00  7.58465034E+00  3.32804157E+00  1.52162902E+01 -6.98084001E+00  6.99028042E-01  2.81508134E-01  2.01918836E-04  1.34208526E-02  4.29958074E-04  1.01844124E+04  5.35341772E+03  1.42208574E+06  1.03064229E+02  3.77607297E+05  3.88650108E-18  0.00000000E+00  6.91582127E-04  0.00000000E+00  0.00000000E+00  0.00000000E+00  0.00000000E+00  0.00000000E+00  0.00000000E+00
00018  3.02445283E+02  4.99999978E+01  5.56334509E+00  1.00375389E+00  4.65064882E+00  7.58467781E+00  3.32812612E+00  1.52163981E+01 -6.98074992E+00  6.99012429E-01  2.81523626E-01  2.01906580E-04  1.34200409E-02  4.30902131E-04  1.01838726E+04  5.35330765E+03  1.42200626E+06  1.03100032E+02  3.78166075E+05  3.89585304E-18  0.00000000E+00  6.91902810E-04  0.00000000E+00  0.00000000E+00  0.00000000E+00  0.00000000E+00  0.00000000E+00  0.00000000E+00
00019  3.65197082E+02  4.99999973E+01  5.56336744E+00  1.00373743E+00  4.65066264E+00  7.58470599E+00  3.32821254E+00  1.52165081E+01 -6.98065940E+00  6.98994423E-01  2.81541525E-01  2.02044514E-04  1.34189668E-02  4.31945757E-04  1.01832939E+04  5.35323482E+03  1.42193305E+06  1.03136133E+02  3.78837783E+05  3.90837671E-18  0.00000000E+00  6.92230758E-04  0.00000000E+00  0.00000000E+00  0.00000000E+00  0.00000000E+00  0.00000000E+00  0.00000000E+00
00020  4.40499240E+02  4.99999968E+01  5.56338704E+00  1.00372080E+00  4.65067586E+00  7.58473354E+00  3.32829663E+00  1.52166147E+01 -6.98057365E+00  6.98973736E-01  2.81562105E-01  2.02276612E-04  1.34176772E-02  4.33110131E-04  1.01827088E+04  5.35319818E+03  1.42186887E+06  1.03170457E+02  3.79568105E+05  3.92265498E-18  0.00000000E+00  6.92549741E-04  0.00000000E+00  0.00000000E+00  0.00000000E+00  0.00000000E+00  0.00000000E+00  0.00000000E+00
00021  5.30861829E+02  4.99999961E+01  5.56340289E+00  1.00370502E+00  4.65068771E+00  7.58475901E+00  3.32837378E+00  1.52167118E+01 -6.98049837E+00  6.98949995E-01  2.81585730E-01  2.02562131E-04  1.34161994E-02  4.34418278E-04  1.01821540E+04  5.35319723E+03  1.42181697E+06  1.03200711E+02  3.80305850E+05  3.93745573E-18  0.00000000E+00  6.92841727E-04  0.00000000E+00  0.00000000E+00  0.00000000E+00  0.00000000E+00  0.00000000E+00  0.00000000E+00
00022  6.39296937E+02  4.99999953E+01  5.56341382E+00  1.00369113E+00  4.65069739E+00  7.58478089E+00  3.32843936E+00  1.52167933E+01 -6.98043932E+00  6.98922748E-01  2.81612844E-01  2.02870832E-04  1.34145464E-02  4.35895828E-04  1.01816656E+04  5.35323353E+03  1.42178117E+06  1.03224553E+02  3.81004006E+05  3.95171242E-18  0.00000000E+00  6.93088425E-04  0.00000000E+00  0.00000000E+00  0.00000000E+00  0.00000000E+00  0.00000000E+00  0.00000000E+00
00023  7.69419066E+02  4.99999943E+01  5.56341855E+00  1.00368005E+00  4.65070411E+00  7.58479789E+00  3.32848929E+00  1.52168536E+01 -6.98040166E+00  6.98891454E-01  2.81643980E-01  2.03180431E-04  1.34127189E-02  4.37571693E-04  1.01812762E+04  5.35331154E+03  1.42176565E+06  1.03239850E+02  3.81622196E+05  3.96454797E-18  0.00000000E+00  6.93273418E-04  0.00000000E+00  0.00000000E+00  0.00000000E+00  0.00000000E+00  0.00000000E+00  0.00000000E+00
00024  9.25565621E+02  4.99999932E+01  5.56341593E+00  1.00367256E+00  4.65070720E+00  7.58480904E+00  3.32852064E+00  1.52168888E+01 -6.98038917E+00  6.98855481E-01  2.81679764E-01  2.03475031E-04  1.34107065E-02  4.39478758E-04  1.01810130E+04  5.35343590E+03  1.42177420E+06  1.03244978E+02  3.82129684E+05  3.97532056E-18  0.00000000E+00  6.93384648E-04  0.00000000E+00  0.00000000E+00  0.00000000E+00  0.00000000E+00  0.00000000E+00  0.00000000E+00
00025  1.11294149E+03  4.99999918E+01  5.56340552E+00  1.00366935E+00  4.65070620E+00  7.58481396E+00  3.32853228E+00  1.52168973E+01 -6.98040359E+00  6.98814083E-01  2.81720934E-01  2.03743981E-04  1.34084888E-02  4.41654651E-04  1.01809004E+04  5.35360348E+03  1.42180824E+06  1.03239118E+02  3.82508263E+05  3.98367240E-18  0.00000000E+00  6.93416859E-04  0.00000000E+00  0.00000000E+00  0.00000000E+00  0.00000000E+00  0.00000000E+00  0.00000000E+00
00026  1.33779253E+03  4.99999901E+01  5.56338836E+00  1.00367120E+00  4.65070099E+00  7.58481300E+00  3.32852530E+00  1.52168801E+01 -6.98044406E+00  6.98766391E-01  2.81768355E-01  2.03980932E-04  1.34060354E-02  4.44142641E-04  1.01809653E+04  5.35379197E+03  1.42186438E+06  1.03222460E+02  3.82754272E+05  3.98956428E-18  0.00000000E+00  6.93373404E-04  0.00000000E+00  0.00000000E+00  0.00000000E+00  0.00000000E+00  0.00000000E+00  0.00000000E+00
00027  1.60761377E+03  4.99999881E+01  5.56336753E+00  1.00367904E+00  4.65069186E+00  7.58480724E+00  3.32850315E+00  1.52168417E+01 -6.98050705E+00  6.98711384E-01  2.81823040E-01  2.04182947E-04  1.34033059E-02  4.46992679E-04  1.01812413E+04  5.35395155E+03  1.42193250E+06  1.03196268E+02  3.82878758E+05  3.99327366E-18  0.00000000E+00  6.93266827E-04  0.00000000E+00  0.00000000E+00  0.00000000E+00  0.00000000E+00  0.00000000E+00  0.00000000E+00
00028  1.93139927E+03  4.99999857E+01  5.56334804E+00  1.00369396E+00  4.65067953E+00  7.58479847E+00  3.32847128E+00  1.52167888E+01 -6.98058689E+00  6.98647867E-01  2.81886175E-01  2.04349665E-04  1.34002502E-02  4.50262641E-04  1.01817663E+04  5.35400739E+03  1.42199625E+06  1.03162721E+02  3.82905390E+05  3.99534818E-18  0.00000000E+00  6.93117700E-04  0.00000000E+00  0.00000000E+00  0.00000000E+00  0.00000000E+00  0.00000000E+00  0.00000000E+00
00029  2.31994186E+03  4.99999828E+01  5.56333576E+00  1.00371685E+00  4.65066501E+00  7.58478885E+00  3.32843626E+00  1.52167300E+01 -6.98067680E+00  6.98574439E-01  2.81959156E-01  2.04482474E-04  1.33968078E-02  4.54019719E-04  1.01825715E+04  5.35387604E+03  1.42203640E+06  1.03124537E+02  3.82865897E+05  3.99650941E-18  0.00000000E+00  6.92951590E-04  0.00000000E+00  0.00000000E+00  0.00000000E+00  0.00000000E+00  0.00000000E+00  0.00000000E+00
00030  2.78619298E+03  4.99999793E+01  5.56333583E+00  1.00374807E+00  4.65064942E+00  7.58478062E+00  3.32840469E+00  1.52166737E+01 -6.98077034E+00  6.98489447E-01  2.82043625E-01  2.04583738E-04  1.33929077E-02  4.58341944E-04  1.01836698E+04  5.35348960E+03  1.42203606E+06  1.03084419E+02  3.82793785E+05  3.99752270E-18  0.00000000E+00  6.92794708E-04  0.00000000E+00  0.00000000E+00  0.00000000E+00  0.00000000E+00  0.00000000E+00  0.00000000E+00
00031  3.34569432E+03  4.99999752E+01  5.56335130E+00  1.00378725E+00  4.65063370E+00  7.58477569E+00  3.32838199E+00  1.52166269E+01 -6.98086283E+00  6.98390947E-01  2.82141515E-01  2.04656106E-04  1.33884677E-02  4.63319743E-04  1.01850483E+04  5.35281506E+03  1.42198528E+06  1.03044512E+02  3.82718016E+05  3.99906816E-18  0.00000000E+00  6.92669453E-04  0.00000000E+00  0.00000000E+00  0.00000000E+00  0.00000000E+00  0.00000000E+00  0.00000000E+00
00032  4.01709592E+03  4.99999702E+01  5.56338270E+00  1.00383347E+00  4.65061844E+00  7.58477544E+00  3.32837171E+00  1.52165942E+01 -6.98095216E+00  6.98276642E-01  2.82255110E-01  2.04701963E-04  1.33833937E-02  4.69057434E-04  1.01866750E+04  5.35185734E+03  1.42188233E+06  1.03006013E+02  3.82658618E+05  4.00165255E-18  0.00000000E+00  6.92591349E-04  0.00000000E+00  0.00000000E+00  0.00000000E+00  0.00000000E+00  0.00000000E+00  0.00000000E+00
00033  4.82277785E+03  4.99999642E+01  5.56342874E+00  1.00388577E+00  4.65060380E+00  7.58478062E+00  3.32837540E+00  1.52165776E+01 -6.98103896E+00  6.98143822E-01  2.82387106E-01  2.04723099E-04  1.33775791E-02  4.75674546E-04  1.01885158E+04  5.35064442E+03  1.42173144E+06  1.02969090E+02  3.82625565E+05  4.00558949E-18  0.00000000E+00  6.92568436E-04  0.00000000E+00  0.00000000E+00  0.00000000E+00  0.00000000E+00  0.00000000E+00  0.00000000E+00
00034  5.78959616E+03  4.99999570E+01  5.56348771E+00  1.00394366E+00  4.65058960E+00  7.58479152E+00  3.32839320E+00  1.52165771E+01 -6.98112588E+00  6.97989281E-01  2.82540693E-01  2.04720583E-04  1.33709037E-02  4.83306854E-04  1.01905539E+04  5.34920329E+03  1.42153820E+06  1.02933080E+02  3.82620837E+05  4.01104541E-18  0.00000000E+00  6.92603045E-04  0.00000000E+00  0.00000000E+00  0.00000000E+00  0.00000000E+00  0.00000000E+00  0.00000000E+00
00035  6.94977813E+03  4.99999484E+01  5.56355876E+00  1.00400751E+00  4.65057543E+00  7.58480827E+00  3.32842456E+00  1.52165916E+01 -6.98121674E+00  6.97809230E-01  2.82719640E-01  2.04694803E-04  1.33632337E-02  4.92106955E-04  1.01928026E+04  5.34754003E+03  1.42130540E+06  1.02896832E+02  3.82642155E+05  4.01812031E-18  0.00000000E+00  6.92694805E-04  0.00000000E+00  0.00000000E+00  0.00000000E+00  0.00000000E+00  0.00000000E+00  0.00000000E+00
00036  8.34199650E+03  4.99999381E+01  5.56364251E+00  1.00407859E+00  4.65056083E+00  7.58483101E+00  3.32846899E+00  1.52166203E+01 -6.98131582E+00  6.97599184E-01  2.82928410E-01  2.04645582E-04  1.33544211E-02  5.02244124E-04  1.01953062E+04  5.34563175E+03  1.42103104E+06  1.02859011E+02  3.82686441E+05  4.02692322E-18  0.00000000E+00  6.92843441E-04  0.00000000E+00  0.00000000E+00  0.00000000E+00  0.00000000E+00  0.00000000E+00  0.00000000E+00
00037  1.00126585E+04  4.99999256E+01  5.56374101E+00  1.00415886E+00  4.65054532E+00  7.58486006E+00  3.32852642E+00  1.52166623E+01 -6.98142754E+00  6.97353833E-01  2.83172291E-01  2.04572305E-04  1.33443051E-02  5.13903064E-04  1.01981344E+04  5.34342920E+03  1.42070846E+06  1.02818246E+02  3.82751930E+05  4.03762036E-18  0.00000000E+00  6.93050336E-04  0.00000000E+00  0.00000000E+00  0.00000000E+00  0.00000000E+00  0.00000000E+00  0.00000000E+00
00038  1.20174530E+04  4.99999107E+01  5.56385738E+00  1.00425083E+00  4.65052843E+00  7.58489597E+00  3.32859718E+00  1.52167178E+01 -6.98155664E+00  6.97066880E-01  2.83457556E-01  2.04474019E-04  1.33327140E-02  5.27281029E-04  1.02013758E+04  5.34086329E+03  1.42032740E+06  1.02773134E+02  3.82838713E+05  4.05045241E-18  0.00000000E+00  6.93318991E-04  0.00000000E+00  0.00000000E+00  0.00000000E+00  0.00000000E+00  0.00000000E+00  0.00000000E+00
00039  1.44232063E+04  4.99998928E+01  5.56399558E+00  1.00435743E+00  4.65050967E+00  7.58493947E+00  3.32868200E+00  1.52167870E+01 -6.98170838E+00  6.96730853E-01  2.83791650E-01  2.04349530E-04  1.33194703E-02  5.42582732E-04  1.02051345E+04  5.33784977E+03  1.41987499E+06  1.02722158E+02  3.82948550E+05  4.06573769E-18  0.00000000E+00  6.93654842E-04  0.00000000E+00  0.00000000E+00  0.00000000E+00  0.00000000E+00  0.00000000E+00  0.00000000E+00
00040  1.73101103E+04  4.99998713E+01  5.56416028E+00  1.00448210E+00  4.65048852E+00  7.58499147E+00  3.32878182E+00  1.52168703E+01 -6.98188898E+00  6.96336873E-01  2.84183425E-01  2.04197514E-04  1.33043966E-02  5.60012432E-04  1.02095318E+04  5.33428972E+03  1.41933600E+06  1.02663572E+02  3.83084543E+05  4.08387153E-18  0.00000000E+00  6.94064904E-04  0.00000000E+00  0.00000000E+00  0.00000000E+00  0.00000000E+00  0.00000000E+00  0.00000000E+00
00041  2.07743951E+04  4.99998455E+01  5.56435701E+00  1.00462887E+00  4.65046432E+00  7.58505306E+00  3.32889771E+00  1.52169684E+01 -6.98210594E+00  6.95874382E-01  2.84643417E-01  2.04016683E-04  1.32873261E-02  5.79762653E-04  1.02147112E+04  5.33006675E+03  1.41869246E+06  1.02595281E+02  3.83250958E+05  4.10533182E-18  0.00000000E+00  6.94557451E-04  0.00000000E+00  0.00000000E+00  0.00000000E+00  0.00000000E+00  0.00000000E+00  0.00000000E+00
00042  2.49315369E+04  4.99998145E+01  5.56459234E+00  1.00480260E+00  4.65043628E+00  7.58512548E+00  3.32903076E+00  1.52170815E+01 -6.98236840E+00  6.95330805E-01  2.85184180E-01  2.03806002E-04  1.32681150E-02  6.01999183E-04  1.02208454E+04  5.32504224E+03  1.41792306E+06  1.02514708E+02  3.83453238E+05  4.13068972E-18  0.00000000E+00  6.95141783E-04  0.00000000E+00  0.00000000E+00  0.00000000E+00  0.00000000E+00  0.00000000E+00  0.00000000E+00
00043  2.99201070E+04  4.99997772E+01  5.56487415E+00  1.00500919E+00  4.65040344E+00  7.58521012E+00  3.32918201E+00  1.52172100E+01 -6.98268761E+00  6.94691148E-01  2.85820691E-01  2.03564953E-04  1.32466585E-02  6.26842294E-04  1.02281448E+04  5.31904919E+03  1.41700221E+06  1.02418659E+02  3.83698142E+05  4.16062364E-18  0.00000000E+00  6.95828087E-04  0.00000000E+00  0.00000000E+00  0.00000000E+00  0.00000000E+00  0.00000000E+00  0.00000000E+00
00044  3.59063912E+04  4.99997324E+01  5.56521200E+00  1.00525590E+00  4.65036455E+00  7.58530853E+00  3.32935235E+00  1.52173536E+01 -6.98307745E+00  6.93937515E-01  2.86570841E-01  2.03293902E-04  1.32229102E-02  6.54344550E-04  1.02368687E+04  5.31188499E+03  1.41589904E+06  1.02303141E+02  3.83994023E+05  4.19594910E-18  0.00000000E+00  6.96627126E-04  0.00000000E+00  0.00000000E+00  0.00000000E+00  0.00000000E+00  0.00000000E+00  0.00000000E+00
00045  4.30899322E+04  4.99996786E+01  5.56561750E+00  1.00555171E+00  4.65031802E+00  7.58542242E+00  3.32954239E+00  1.52175112E+01 -6.98355501E+00  6.93048510E-01  2.87456032E-01  2.02994433E-04  1.31969032E-02  6.84466124E-04  1.02473383E+04  5.30330279E+03  1.41457612E+06  1.02163152E+02  3.84351140E+05  4.23763759E-18  0.00000000E+00  6.97550017E-04  0.00000000E+00  0.00000000E+00  0.00000000E+00  0.00000000E+00  0.00000000E+00  0.00000000E+00
00046  5.17101813E+04  4.99996139E+01  5.56610480E+00  1.00590768E+00  4.65026186E+00  7.58555368E+00  3.32975244E+00  1.52176812E+01 -6.98414132E+00  6.91998514E-01  2.88501901E-01  2.02669751E-04  1.31687720E-02  7.17049038E-04  1.02599517E+04  5.29300166E+03  1.41298797E+06  1.01992477E+02  3.84782058E+05  4.28685706E-18  0.00000000E+00  6.98608333E-04  0.00000000E+00  0.00000000E+00  0.00000000E+00  0.00000000E+00  0.00000000E+00  0.00000000E+00
00047  6.20544803E+04  4.99995361E+01  5.56669114E+00  1.00633753E+00  4.65019351E+00  7.58570443E+00  3.32998232E+00  1.52178610E+01 -6.98486217E+00  6.90756804E-01  2.89739210E-01  2.02325133E-04  1.31387737E-02  7.51792219E-04  1.02752035E+04  5.28061482E+03  1.41107940E+06  1.01783390E+02  3.85302220E+05  4.34503613E-18  0.00000000E+00  6.99813760E-04  0.00000000E+00  0.00000000E+00  0.00000000E+00  0.00000000E+00  0.00000000E+00  0.00000000E+00
00048  7.44676392E+04  4.99994424E+01  5.56739754E+00  1.00685813E+00  4.65010982E+00  7.58587706E+00  3.33023157E+00  1.52180468E+01 -6.98574897E+00  6.89286464E-01  2.91204936E-01  2.01968218E-04  1.31073076E-02  7.88229402E-04  1.02937055E+04  5.26569694E+03  1.40878343E+06  1.01526419E+02  3.85930505E+05  4.41392050E-18  0.00000000E+00  7.01179055E-04  0.00000000E+00  0.00000000E+00  0.00000000E+00  0.00000000E+00  0.00000000E+00  0.00000000E+00
00049  8.93634297E+04  4.99993296E+01  5.56824959E+00  1.00749033E+00  4.65000673E+00  7.58607432E+00  3.33049908E+00  1.52182335E+01 -6.98684014E+00  6.87543038E-01  2.92943617E-01  2.01609422E-04  1.30749291E-02  8.25711862E-04  1.03162184E+04  5.24770784E+03  1.40601904E+06  1.01209891E+02  3.86690138E+05  4.49568604E-18  0.00000000E+00  7.10643848E-04  0.00000000E+00  0.00000000E+00  0.00000000E+00  0.00000000E+00  0.00000000E+00  0.00000000E+00
00050  1.07238378E+05  4.99991937E+01  5.56927841E+00  1.00825983E+00  4.64987918E+00  7.58629938E+00  3.33078320E+00  1.52184144E+01 -6.98818252E+00  6.85472857E-01  2.95009029E-01  2.01262101E-04  1.30423593E-02  8.63397518E-04  1.03436870E+04  5.22599476E+03  1.40268841E+06  1.00819546E+02  3.87609551E+05  4.59305515E-18  0.00000000E+00  7.12386289E-04  0.00000000E+00  0.00000000E+00  0.00000000E+00  0.00000000E+00  0.00000000E+00  0.00000000E+00
00051  1.28688317E+05  4.99990298E+01  5.57052179E+00  1.00919824E+00  4.64972082E+00  7.58655610E+00  3.33108205E+00  1.52185815E+01 -6.98983278E+00  6.83010942E-01  2.97466285E-01  2.00942769E-04  1.30104880E-02  9.00247597E-04  1.03772839E+04  5.19977235E+03  1.39867368E+06  1.00338130E+02  3.88723580E+05  4.70950529E-18  0.00000000E+00  7.14335094E-04  0.00000000E+00  0.00000000E+00  0.00000000E+00  0.00000000E+00  0.00000000E+00  0.00000000E+00
00052  1.54428243E+05  4.99988319E+01  5.57202564E+00  1.01034448E+00  4.64952366E+00  7.58684927E+00  3.33139373E+00  1.52187257E+01 -6.99185945E+00  6.80078345E-01  3.00394489E-01  2.00671145E-04  1.29803686E-02  9.35031988E-04  1.04184693E+04  5.16809873E+03  1.39383328E+06  9.97448322E+01  3.90075008E+05  4.84953019E-18  0.00000000E+00  7.16512415E-04  0.00000000E+00  0.00000000E+00  0.00000000E+00  0.00000000E+00  0.00000000E+00  0.00000000E+00
00053  1.85316154E+05  4.99985927E+01  5.57384569E+00  1.01174663E+00  4.64927760E+00  7.58718494E+00  3.33171671E+00  1.52188364E+01 -6.99434538E+00  6.76578748E-01  3.03890138E-01  2.00470150E-04  1.29532046E-02  9.66344585E-04  1.04690719E+04  5.12984744E+03  1.38799757E+06  9.90146170E+01  3.91716467E+05  5.01902767E-18  0.00000000E+00  7.18947652E-04  0.00000000E+00  0.00000000E+00  0.00000000E+00  0.00000000E+00  0.00000000E+00  0.00000000E+00
00054  2.22381648E+05  4.99983030E+01  5.57604958E+00  1.01346450E+00  4.64896964E+00  7.58757082E+00  3.33205019E+00  1.52189023E+01 -6.99739119E+00  6.72394063E-01  3.08071519E-01  2.00365940E-04  1.29303264E-02  9.92630024E-04  1.05314031E+04  5.08367364E+03  1.38096382E+06  9.81171428E+01  3.93712877E+05  5.22588142E-18  0.00000000E+00  7.21679720E-04  0.00000000E+00  0.00000000E+00  0.00000000E+00  0.00000000E+00  0.00000000E+00  0.00000000E+00
00055  2.66860240E+05  4.99979515E+01  5.57871951E+00  1.01557283E+00  4.64858296E+00  7.58801693E+00  3.33239521E+00  1.52189116E+01 -7.00111886E+00  6.67378645E-01  3.13084492E-01  2.00387680E-04  1.29131573E-02  1.01222287E-03  1.06084091E+04  5.02797707E+03  1.37249038E+06  9.70161457E+01  3.96144544E+05  5.48078597E-18  0.00000000E+00  7.16700760E-04  0.00000000E+00  0.00000000E+00  0.00000000E+00  0.00000000E+00  0.00000000E+00  0.00000000E+00
00056  3.20234551E+05  4.99975241E+01  5.58195541E+00  1.01816619E+00  4.64809525E+00  7.58853631E+00  3.33275541E+00  1.52188522E+01 -7.00567759E+00  6.61351570E-01  3.19110200E-01  2.00567379E-04  1.29031661E-02  1.02340177E-03  1.07039029E+04  4.96085572E+03  1.36229040E+06  9.56676287E+01  3.99111286E+05  5.79856520E-18  0.00000000E+00  7.20176549E-04  0.00000000E+00  0.00000000E+00  0.00000000E+00  0.00000000E+00  0.00000000E+00  0.00000000E+00
00057  3.84283724E+05  4.99970026E+01  5.58587888E+00  1.02136535E+00  4.64747654E+00  7.58914630E+00  3.33313940E+00  1.52187137E+01 -7.01125010E+00  6.54086150E-01  3.26375549E-01  2.00939800E-04  1.29018015E-02  1.02446474E-03  1.08228879E+04  4.88005726E+03  1.35002466E+06  9.40182735E+01  4.02737704E+05  6.20029208E-18  0.00000000E+00  7.24176795E-04  0.00000000E+00  0.00000000E+00  0.00000000E+00  0.00000000E+00  0.00000000E+00  0.00000000E+00
00058  4.61142731E+05  4.99963642E+01  5.59063795E+00  1.02532693E+00  4.64668552E+00  7.58986996E+00  3.33356311E+00  1.52184881E+01 -7.01806251E+00  6.45295380E-01  3.35167748E-01  2.01542178E-04  1.29103975E-02  1.01383760E-03  1.09720632E+04  4.78292064E+03  1.33529457E+06  9.20029549E+01  4.07180298E+05  6.71669629E-18  0.00000000E+00  7.28844183E-04  0.00000000E+00  0.00000000E+00  0.00000000E+00  0.00000000E+00  0.00000000E+00  0.00000000E+00
00059  5.53373540E+05  4.99955789E+01  5.59641297E+00  1.03025754E+00  4.64566397E+00  7.59073836E+00  3.33405405E+00  1.52181727E+01 -7.02639720E+00  6.34611342E-01  3.45854882E-01  2.02413621E-04  1.29300390E-02  9.90228185E-04  1.11606021E+04  4.66631341E+03  1.31763537E+06  8.95414644E+01  4.12636843E+05  7.39401802E-18  0.00000000E+00  7.34377366E-04  0.00000000E+00  0.00000000E+00  0.00000000E+00  0.00000000E+00  0.00000000E+00  0.00000000E+00
00060  6.59941920E+05  4.99946446E+01  5.60317641E+00  1.03621126E+00  4.64437797E+00  7.59175479E+00  3.33464033E+00  1.52177943E+01 -7.03621424E+00  6.22050100E-01  3.58420786E-01  2.03548165E-04  1.29600245E-02  9.54446317E-04  1.13925848E+04  4.53148454E+03  1.29725001E+06  8.66490072E+01  4.19120151E+05  8.26891430E-18  0.00000000E+00  7.40802961E-04  0.00000000E+00  0.00000000E+00  0.00000000E+00  0.00000000E+00  0.00000000E+00  0.00000000E+00
00061  7.63692801E+05  4.99937077E+01  5.60989423E+00  1.04231899E+00  4.64300356E+00  7.59276893E+00  3.33527843E+00  1.52174628E+01 -7.04590179E+00  6.09589969E-01  3.70886015E-01  2.04732148E-04  1.29929457E-02  9.15243549E-04  1.16355770E+04  4.39945301E+03  1.27731416E+06  8.37981287E+01  4.25660260E+05  9.23355750E-18  0.00000000E+00  7.47175775E-04  0.00000000E+00  0.00000000E+00  0.00000000E+00  0.00000000E+00  0.00000000E+00  0.00000000E+00
00062  8.64644550E+05  4.99927688E+01  5.61648645E+00  1.04852295E+00  4.64154963E+00  7.59378109E+00  3.33595698E+00  1.52171690E+01 -7.05549311E+00  5.97220382E-01  3.83260823E-01  2.05933840E-04  1.30266931E-02  8.75072826E-04  1.18877033E+04  4.27155676E+03  1.25804840E+06  8.09882357E+01  4.32177378E+05  1.02953162E-17  0.00000000E+00  7.53541974E-04  0.00000000E+00  0.00000000E+00  0.00000000E+00  0.00000000E+00  0.00000000E+00  0.00000000E+00
00063  9.62825382E+05  4.99918285E+01  5.62294313E+00  1.05481755E+00  4.64001650E+00  7.59479353E+00  3.33668407E+00  1.52169213E+01 -7.06498048E+00  5.84935909E-01  3.95550455E-01  2.07134728E-04  1.30599978E-02  8.35409086E-04  1.21490951E+04  4.14780734E+03  1.23945997E+06  7.82224314E+01  4.38657399E+05  1.14641988E-17  0.00000000E+00  7.59925299E-04  0.00000000E+00  0.00000000E+00  0.00000000E+00  0.00000000E+00  0.00000000E+00  0.00000000E+00
00064  1.05828741E+06  4.99908871E+01  5.62925911E+00  1.06119928E+00  4.63840464E+00  7.59580805E+00  3.33746589E+00  1.52167260E+01 -7.07435831E+00  5.72732116E-01  4.07759231E-01  2.08323867E-04  1.30921072E-02  7.97127058E-04  1.24199720E+04  4.02813949E+03  1.22154182E+06  7.55026356E+01  4.45090351E+05  1.27513571E-17  0.00000000E+00  7.66343343E-04  0.00000000E+00  0.00000000E+00  0.00000000E+00  0.00000000E+00  0.00000000E+00  0.00000000E+00
00065  1.15109997E+06  4.99899443E+01  5.63551954E+00  1.06774777E+00  4.63669550E+00  7.59683064E+00  3.33834129E+00  1.52166206E+01 -7.08355616E+00  5.60611508E-01  4.19884577E-01  2.09495834E-04  1.31225365E-02  7.60788186E-04  1.27042037E+04  3.91092246E+03  1.20403670E+06  7.28365615E+01  4.51559622E+05  1.41741160E-17  0.00000000E+00  7.72852795E-04  0.00000000E+00  0.00000000E+00  0.00000000E+00  0.00000000E+00  0.00000000E+00  0.00000000E+00
00066  1.24100648E+06  4.99890040E+01  5.64161856E+00  1.07436365E+00  4.63491231E+00  7.59785338E+00  3.33927451E+00  1.52165745E+01 -7.09260336E+00  5.48613434E-01  4.31887098E-01  2.10641963E-04  1.31509967E-02  7.26734025E-04  1.29979649E+04  3.79793878E+03  1.18722364E+06  7.02289936E+01  4.57952444E+05  1.57357229E-17  0.00000000E+00  7.79390140E-04  0.00000000E+00  0.00000000E+00  0.00000000E+00  0.00000000E+00  0.00000000E+00  0.00000000E+00
00067  1.32841250E+06  4.99880627E+01  5.64757316E+00  1.08106517E+00  4.63305020E+00  7.59888032E+00  3.34026922E+00  1.52165876E+01 -7.10153477E+00  5.36691196E-01  4.43813501E-01  2.11765179E-04  1.31775267E-02  6.94916350E-04  1.33024526E+04  3.68871832E+03  1.17103469E+06  6.76702167E+01  4.64281275E+05  1.74554637E-17  0.00000000E+00  7.85986836E-04  0.00000000E+00  0.00000000E+00  0.00000000E+00  0.00000000E+00  0.00000000E+00  0.00000000E+00
00068  1.41337171E+06  4.99871209E+01  5.65338243E+00  1.08785042E+00  4.63110989E+00  7.59991167E+00  3.34132673E+00  1.52166610E+01 -7.11034723E+00  5.24845735E-01  4.55662842E-01  2.12865249E-04  1.32021225E-02  6.65340143E-04  1.36180114E+04  3.58314680E+03  1.15545306E+06  6.51611457E+01  4.70539965E+05  1.93491526E-17  0.00000000E+00  7.92644234E-04  0.00000000E+00  0.00000000E+00  0.00000000E+00  0.00000000E+00  0.00000000E+00  0.00000000E+00
00069  1.49595707E+06  4.99861781E+01  5.65913021E+00  1.09481090E+00  4.62906660E+00  7.60095232E+00  3.34248467E+00  1.52168294E+01 -7.11896728E+00  5.13082519E-01  4.67429657E-01  2.13944528E-04  1.32248000E-02  6.37983996E-04  1.39494956E+04  3.47968525E+03  1.14024016E+06  6.27076035E+01  4.76815371E+05  2.14417150E-17  0.00000000E+00  7.99406083E-04  0.00000000E+00  0.00000000E+00  0.00000000E+00  0.00000000E+00  0.00000000E+00  0.00000000E+00
00070  1.57589856E+06  4.99852387E+01  5.66472034E+00  1.10183852E+00  4.62695032E+00  7.60199371E+00  3.34370420E+00  1.52170615E+01 -7.12742241E+00  5.01449898E-01  4.79065597E-01  2.14998690E-04  1.32455705E-02  6.12840723E-04  1.42923624E+04  3.37991587E+03  1.12563619E+06  6.03159355E+01  4.82998620E+05  2.37363917E-17  0.00000000E+00  8.06208637E-04  0.00000000E+00  0.00000000E+00  0.00000000E+00  0.00000000E+00  0.00000000E+00  0.00000000E+00
00071  1.65358916E+06  4.99842989E+01  5.67016706E+00  1.10893534E+00  4.62476359E+00  7.60303986E+00  3.34498725E+00  1.52173557E+01 -7.13575244E+00  4.89900632E-01  4.90617931E-01  2.16033400E-04  1.32646317E-02  5.89676920E-04  1.46471569E+04  3.28356799E+03  1.11158623E+06  5.79760112E+01  4.89100370E+05  2.62614434E-17  0.00000000E+00  8.13084715E-04  0.00000000E+00  0.00000000E+00  0.00000000E+00  0.00000000E+00  0.00000000E+00  0.00000000E+00
00072  1.72918853E+06  4.99833578E+01  5.67547954E+00  1.11608768E+00  4.62251554E+00  7.60409210E+00  3.34633589E+00  1.52177125E+01 -7.14396648E+00  4.78420426E-01  5.02100974E-01  2.17051569E-04  1.32821149E-02  5.68338557E-04  1.50136377E+04  3.19054472E+03  1.09805096E+06  5.56852113E+01  4.95126049E+05  2.90434909E-17  0.00000000E+00  8.20040666E-04  0.00000000E+00  0.00000000E+00  0.00000000E+00  0.00000000E+00  0.00000000E+00  0.00000000E+00
00073  1.80288935E+06  4.99824132E+01  5.68075013E+00  1.12341956E+00  4.62016725E+00  7.60515740E+00  3.34779419E+00  1.52181699E+01 -7.15199676E+00  4.66995022E-01  5.13529002E-01  2.18057843E-04  1.32981332E-02  5.48690221E-04  1.53988343E+04  3.09917404E+03  1.08478508E+06  5.34442028E+01  5.01177610E+05  3.21263308E-17  0.00000000E+00  8.27133404E-04  0.00000000E+00  0.00000000E+00  0.00000000E+00  0.00000000E+00  0.00000000E+00  0.00000000E+00
00074  1.87434593E+06  4.99814707E+01  5.68587904E+00  1.13080404E+00  4.61775723E+00  7.60622579E+00  3.34931697E+00  1.52186935E+01 -7.15987009E+00  4.55687030E-01  5.24839407E-01  2.19047250E-04  1.33127207E-02  5.30699524E-04  1.57967837E+04  3.01103768E+03  1.07202918E+06  5.12619286E+01  5.07136795E+05  3.55138954E-17  0.00000000E+00  8.34293930E-04  0.00000000E+00  0.00000000E+00  0.00000000E+00  0.00000000E+00  0.00000000E+00  0.00000000E+00
00075  1.94393406E+06  4.99805260E+01  5.69088152E+00  1.13826484E+00  4.61527746E+00  7.60730162E+00  3.35090719E+00  1.52192822E+01 -7.16762851E+00  4.44445888E-01  5.36082781E-01  2.20025762E-04  1.33260555E-02  5.14155043E-04  1.62092890E+04  2.92574517E+03  1.05973168E+06  4.91282800E+01  5.13017297E+05  3.92518310E-17  0.00000000E+00  8.41560676E-04  0.00000000E+00  0.00000000E+00  0.00000000E+00  0.00000000E+00  0.00000000E+00  0.00000000E+00
00076  2.01168922E+06  4.99795796E+01  5.69575956E+00  1.14580429E+00  4.61272724E+00  7.60838530E+00  3.35256709E+00  1.52199387E+01 -7.17526605E+00  4.33274634E-01  5.47256097E-01  2.20994985E-04  1.33382349E-02  4.98943428E-04  1.66370858E+04  2.84316825E+03  1.04787542E+06  4.70440587E+01  5.18817079E+05  4.33781603E-17  0.00000000E+00  8.48941245E-04  0.00000000E+00  0.00000000E+00  0.00000000E+00  0.00000000E+00  0.00000000E+00  0.00000000E+00
00077  2.07764940E+06  4.99786311E+01  5.70059399E+00  1.15354519E+00  4.61006540E+00  7.60948131E+00  3.35434069E+00  1.52207008E+01 -7.18269042E+00  4.22182440E-01  5.58350199E-01  2.21957477E-04  1.33493363E-02  4.84972894E-04  1.70880588E+04  2.76191773E+03  1.03625581E+06  4.50133277E+01  5.24630033E+05  4.79500821E-17  0.00000000E+00  8.56468977E-04  0.00000000E+00  0.00000000E+00  0.00000000E+00  0.00000000E+00  0.00000000E+00  0.00000000E+00
00078  2.14147541E+06  4.99776866E+01  5.70528317E+00  1.16133085E+00  4.60734486E+00  7.61057888E+00  3.35617453E+00  1.52215290E+01 -7.18994012E+00  4.11235858E-01  5.69298534E-01  2.22907681E-04  1.33593985E-02  4.72206266E-04  1.75539687E+04  2.68361053E+03  1.02510793E+06  4.30451904E+01  5.30329376E+05  5.29702664E-17  0.00000000E+00  8.64075917E-04  0.00000000E+00  0.00000000E+00  0.00000000E+00  0.00000000E+00  0.00000000E+00  0.00000000E+00
00079  2.20359988E+06  4.99767405E+01  5.70985067E+00  1.16919913E+00  4.60455260E+00  7.61168440E+00  3.35807723E+00  1.52224266E+01 -7.19706211E+00  4.00369856E-01  5.80166162E-01  2.23852901E-04  1.33685724E-02  4.60461472E-04  1.80377288E+04  2.60775783E+03  1.01436409E+06  4.11272519E+01  5.35940265E+05  5.85152641E-17  0.00000000E+00  8.71819959E-04  0.00000000E+00  0.00000000E+00  0.00000000E+00  0.00000000E+00  0.00000000E+00  0.00000000E+00
00080  2.26405012E+06  4.99757932E+01  5.71429946E+00  1.17715372E+00  4.60168750E+00  7.61279821E+00  3.36005127E+00  1.52233964E+01 -7.20404873E+00  3.89588304E-01  5.90949223E-01  2.24794245E-04  1.33769335E-02  4.49650784E-04  1.85403469E+04  2.53423808E+03  1.00400724E+06  3.92601542E+01  5.41462260E+05  6.46430393E-17  0.00000000E+00  8.79708584E-04  0.00000000E+00  0.00000000E+00  0.00000000E+00  0.00000000E+00  0.00000000E+00  0.00000000E+00
00081  2.32286053E+06  4.99748445E+01  5.71870728E+00  1.18533463E+00  4.59869900E+00  7.61392485E+00  3.36214404E+00  1.52244779E+01 -7.21079968E+00  3.78900161E-01  6.01638765E-01  2.25734002E-04  1.33845413E-02  4.39703161E-04  1.90718726E+04  2.46174014E+03  9.93849876E+05  3.74467664E+01  5.46990165E+05  7.14405837E-17  0.00000000E+00  8.87771813E-04  0.00000000E+00  0.00000000E+00  0.00000000E+00  0.00000000E+00  0.00000000E+00  0.00000000E+00
00082  2.37967319E+06  4.99739013E+01  5.72296916E+00  1.19355195E+00  4.59565581E+00  7.61505208E+00  3.36429163E+00  1.52256250E+01 -7.21736526E+00  3.68379601E-01  6.12160619E-01  2.26665650E-04  1.33914219E-02  4.30597491E-04  1.96211031E+04  2.39191978E+03  9.84126011E+05  3.56968637E+01  5.52386950E+05  7.89057546E-17  0.00000000E+00  8.95937637E-04  0.00000000E+00  0.00000000E+00  0.00000000E+00  0.00000000E+00  0.00000000E+00  0.00000000E+00
00083  2.43495289E+06  4.99729568E+01  5.72711606E+00  1.20186642E+00  4.59253530E+00  7.61618832E+00  3.36650992E+00  1.52268464E+01 -7.22379251E+00  3.57949476E-01  6.22591950E-01  2.27597194E-04  1.33976914E-02  4.22190228E-04  2.01929250E+04  2.32417496E+03  9.74755286E+05  3.39967923E+01  5.57689218E+05  8.71659191E-17  0.00000000E+00  9.04284468E-04  0.00000000E+00  0.00000000E+00  0.00000000E+00  0.00000000E+00  0.00000000E+00  0.00000000E+00
00084  2.48868539E+06  4.99720120E+01  5.73115471E+00  1.21029427E+00  4.58933104E+00  7.61733361E+00  3.36880455E+00  1.52281482E+01 -7.23005958E+00  3.47621316E-01  6.32921236E-01  2.28529118E-04  1.34033988E-02  4.14424987E-04  2.07895512E+04  2.25832216E+03  9.65714473E+05  3.23482307E+01  5.62901899E+05  9.63087766E-17  0.00000000E+00  9.12818451E-04  0.00000000E+00  0.00000000E+00  0.00000000E+00  0.00000000E+00  0.00000000E+00  0.00000000E+00
00085  2.54083472E+06  4.99710680E+01  5.73513875E+00  1.21891506E+00  4.58601666E+00  7.61849003E+00  3.37121211E+00  1.52295608E+01 -7.23607324E+00  3.37415754E-01  6.43127850E-01  2.29462936E-04  1.34085802E-02  4.07258247E-04  2.14180727E+04  2.19363651E+03  9.56877834E+05  3.07546364E+01  5.68092622E+05  1.06446858E-16  0.00000000E+00  9.21545557E-04  0.00000000E+00  0.00000000E+00  0.00000000E+00  0.00000000E+00  0.00000000E+00  0.00000000E+00
00086  2.59124990E+06  4.99701292E+01  5.73899197E+00  1.22733489E+00  4.58277004E+00  7.61964946E+00  3.37367641E+00  1.52310436E+01 -7.24190486E+00  3.27371150E-01  6.53173434E-01  2.30394114E-04  1.34132709E-02  4.00655841E-04  2.20502857E+04  2.13243251E+03  9.48407802E+05  2.92198503E+01  5.73156167E+05  1.17618039E-16  0.00000000E+00  9.30409654E-04  0.00000000E+00  0.00000000E+00  0.00000000E+00  0.00000000E+00  0.00000000E+00  0.00000000E+00
00087  2.64115983E+06  4.99691729E+01  5.74280512E+00  1.23592315E+00  4.57942920E+00  7.62084100E+00  3.37626167E+00  1.52326371E+01 -7.24768846E+00  3.17244851E-01  6.63300671E-01  2.31344841E-04  1.34176175E-02  3.94420730E-04  2.27143739E+04  2.07232209E+03  9.40099135E+05  2.77066909E+01  5.78211929E+05  1.30249828E-16  0.00000000E+00  9.39680781E-04  0.00000000E+00  0.00000000E+00  0.00000000E+00  0.00000000E+00  0.00000000E+00  0.00000000E+00
00088  2.68989597E+06  4.99682119E+01  5.74654352E+00  1.24464596E+00  4.57600240E+00  7.62205120E+00  3.37895172E+00  1.52343369E+01 -7.25331088E+00  3.07176595E-01  6.73369814E-01  2.32302543E-04  1.34215898E-02  3.88603948E-04  2.34093393E+04  2.01362847E+03  9.32023575E+05  2.62369250E+01  5.83212119E+05  1.44384339E-16  0.00000000E+00  9.49256392E-04  0.00000000E+00  0.00000000E+00  0.00000000E+00  0.00000000E+00  0.00000000E+00  0.00000000E+00
00089  2.73730078E+06  4.99672495E+01  5.75022893E+00  1.25357175E+00  4.57246085E+00  7.62327843E+00  3.38176508E+00  1.52361601E+01 -7.25869048E+00  2.97209821E-01  6.83337425E-01  2.33266477E-04  1.34252009E-02  3.83191827E-04  2.41424882E+04  1.95592148E+03  9.24130128E+05  2.48168109E+01  5.88184479E+05  1.60185259E-16  0.00000000E+00  9.59131531E-04  0.00000000E+00  0.00000000E+00  0.00000000E+00  0.00000000E+00  0.00000000E+00  0.00000000E+00
00090  2.78315005E+06  4.99662915E+01  5.75379211E+00  1.26253472E+00  4.56887017E+00  7.62451323E+00  3.38464605E+00  1.52380682E+01 -7.26387951E+00  2.87399323E-01  6.93148712E-01  2.34231337E-04  1.34284675E-02  3.78172020E-04  2.49017940E+04  1.90024071E+03  9.16561521E+05  2.34525356E+01  5.93029983E+05  1.77728891E-16  0.00000000E+00  9.69269808E-04  0.00000000E+00  0.00000000E+00  0.00000000E+00  0.00000000E+00  0.00000000E+00  0.00000000E+00
00091  2.82777241E+06  4.99653319E+01  5.75725689E+00  1.27159392E+00  4.56520676E+00  7.62576455E+00  3.38761700E+00  1.52400780E+01 -7.26890452E+00  2.77682309E-01  7.02866474E-01  2.35204403E-04  1.34314409E-02  3.73476396E-04  2.56935207E+04  1.84615410E+03  9.09260868E+05  2.21345015E+01  5.97779938E+05  1.97358440E-16  0.00000000E+00  9.79773251E-04  0.00000000E+00  0.00000000E+00  0.00000000E+00  0.00000000E+00  0.00000000E+00  0.00000000E+00
00092  2.87115511E+06  4.99643713E+01  5.76065055E+00  1.28082417E+00  4.56144005E+00  7.62703404E+00  3.39070261E+00  1.52422098E+01 -7.27370386E+00  2.68071180E-01  7.12478316E-01  2.36186270E-04  1.34341418E-02  3.69080561E-04  2.65260850E+04  1.79319427E+03  9.02166061E+05  2.08638876E+01  6.02470086E+05  2.19364200E-16  0.00000000E+00  9.90655701E-04  0.00000000E+00  0.00000000E+00  0.00000000E+00  0.00000000E+00  0.00000000E+00  0.00000000E+00
00093  2.91313410E+06  4.99634143E+01  5.76396393E+00  1.29020157E+00  4.55757970E+00  7.62831693E+00  3.39389283E+00  1.52444594E+01 -7.27824580E+00  2.58613250E-01  7.21936924E-01  2.37173212E-04  1.34365815E-02  3.64976337E-04  2.73995491E+04  1.74148576E+03  8.95292178E+05  1.96459737E+01  6.07084217E+05  2.43958059E-16  0.00000000E+00  1.00189477E-03  0.00000000E+00  0.00000000E+00  0.00000000E+00  0.00000000E+00  0.00000000E+00  0.00000000E+00
00094  2.95372753E+06  4.99624615E+01  5.76716399E+00  1.29962758E+00  4.55366670E+00  7.62961083E+00  3.39715643E+00  1.52468055E+01 -7.28258886E+00  2.49312647E-01  7.31238172E-01  2.38165246E-04  1.34387840E-02  3.61136528E-04  2.83065263E+04  1.69152059E+03  8.88702593E+05  1.84797869E+01  6.11571983E+05  2.71419193E-16  0.00000000E+00  1.01351646E-03  0.00000000E+00  0.00000000E+00  0.00000000E+00  0.00000000E+00  0.00000000E+00  0.00000000E+00
00095  2.99316737E+06  4.99615085E+01  5.77026896E+00  1.30915992E+00  4.54967678E+00  7.63092336E+00  3.40051471E+00  1.52492657E+01 -7.28674461E+00  2.40124166E-01  7.40427273E-01  2.39168321E-04  1.34407798E-02  3.57518195E-04  2.92542678E+04  1.64294645E+03  8.82354676E+05  1.73586596E+01  6.15957898E+05  3.02284443E-16  0.00000000E+00  1.02561952E-03  0.00000000E+00  0.00000000E+00  0.00000000E+00  0.00000000E+00  0.00000000E+00  0.00000000E+00
00096  3.03143654E+06  4.99605571E+01  5.77331837E+00  1.31844132E+00  4.54579843E+00  7.63225700E+00  3.40400324E+00  1.52518683E+01 -7.29062756E+00  2.31061583E-01  7.49490451E-01  2.40182930E-04  1.34425822E-02  3.54105487E-04  3.02075471E+04  1.59689392E+03  8.76164223E+05  1.62834616E+01  6.20297048E+05  3.37068277E-16  0.00000000E+00  1.03817693E-03  0.00000000E+00  0.00000000E+00  0.00000000E+00  0.00000000E+00  0.00000000E+00  0.00000000E+00
00097  3.06955659E+06  4.99595818E+01  5.77637180E+00  1.32783989E+00  4.54186250E+00  7.63364842E+00  3.40770181E+00  1.52546781E+01 -7.29437594E+00  2.21883654E-01  7.58668970E-01  2.41238203E-04  1.34442473E-02  3.50795476E-04  3.12045235E+04  1.55169767E+03  8.70008722E+05  1.52257292E+01  6.24671215E+05  3.77443267E-16  0.00000000E+00  1.05162679E-03  0.00000000E+00  0.00000000E+00  0.00000000E+00  0.00000000E+00  0.00000000E+00  0.00000000E+00
00098  3.10713508E+06  4.99585921E+01  5.77937709E+00  1.33740525E+00  4.53783115E+00  7.63508679E+00  3.41157002E+00  1.52576721E+01 -7.29797234E+00  2.12682927E-01  7.67870277E-01  2.42326547E-04  1.34457646E-02  3.47610358E-04  3.22529834E+04  1.50736788E+03  8.63991987E+05  1.41971054E+01  6.29004983E+05  4.24061920E-16  0.00000000E+00  1.06595329E-03  0.00000000E+00  0.00000000E+00  0.00000000E+00  0.00000000E+00  0.00000000E+00  0.00000000E+00
00099  3.14381246E+06  4.99575977E+01  5.78230745E+00  1.34709140E+00  4.53372066E+00  7.63656150E+00  3.41558434E+00  1.52608372E+01 -7.30135996E+00  2.03550964E-01  7.77002805E-01  2.43440145E-04  1.34471279E-02  3.44567458E-04  3.33505845E+04  1.46414959E+03  8.58164826E+05  1.32079791E+01  6.33259532E+05  4.77610760E-16  0.00000000E+00  1.08111159E-03  0.00000000E+00  0.00000000E+00  0.00000000E+00  0.00000000E+00  0.00000000E+00  0.00000000E+00
00100  3.17948081E+06  4.99566015E+01  5.78520209E+00  1.35707325E+00  4.52945339E+00  7.63807326E+00  3.41979051E+00  1.52642086E+01 -7.30440402E+00  1.94525573E-01  7.86028749E-01  2.44577476E-04  1.34483410E-02  3.41664594E-04  3.45207761E+04  1.42131926E+03  8.52447045E+05  1.22616892E+01  6.37493710E+05  5.39247554E-16  0.00000000E+00  1.09711033E-03  0.00000000E+00  0.00000000E+00  0.00000000E+00  0.00000000E+00  0.00000000E+00  0.00000000E+00
