00000  0.00000000E+00  1.00000000E-01 -3.06088247E+00 -8.72257101E-01  3.43259743E+00  6.63715537E+00  5.52017626E+00  1.63987674E+01  2.64068095E+00  6.98490994E-01  2.81392784E-01  3.53980867E-03  1.06566226E-03  1.00996559E-02  3.49447123E+02  6.77517911E+08  1.19717898E+12  8.65747510E-04  5.35009111E-13  0.00000000E+00  0.00000000E+00  0.00000000E+00  0.00000000E+00  0.00000000E+00  0.00000000E+00  0.00000000E+00  0.00000000E+00  0.00000000E+00
00001  5.00000000E+04  1.00000000E-01 -3.06222541E+00 -8.72380253E-01  3.43232330E+00  6.63707636E+00  5.51938820E+00  1.63977423E+01  2.63724145E+00  6.98490958E-01  2.81392820E-01  3.53980867E-03  1.06566227E-03  1.00996559E-02  3.49298517E+02  6.79808945E+08  1.20088668E+12  8.63076033E-04  5.30990640E-13  0.00000000E+00  0.00000000E+00  0.00000000E+00  0.00000000E+00  0.00000000E+00  0.00000000E+00  0.00000000E+00  0.00000000E+00  0.00000000E+00
00002  1.00000000E+05  9.99999999E-02 -3.06222543E+00 -8.72380246E-01  3.43232326E+00  6.63707635E+00  5.51938819E+00  1.63977423E+01  2.63724144E+00  6.98490928E-01  2.81392850E-01  3.53980867E-03  1.06566226E-03  1.00996559E-02  3.49298525E+02  6.79808955E+08  1.20088671E+12  8.63076073E-04  5.30990559E-13  0.00000000E+00  0.00000000E+00  0.00000000E+00  0.00000000E+00  0.00000000E+00  0.00000000E+00  0.00000000E+00  0.00000000E+00  0.00000000E+00
00003  1.60000000E+05  9.99999999E-02 -3.06222577E+00 -8.72380250E-01  3.43232318E+00  6.63707636E+00  5.51938821E+00  1.63977423E+01  2.63724144E+00  6.98490898E-01  2.81392880E-01  3.53980867E-03  1.06566226E-03  1.00996559E-02  3.49298520E+02  6.79809503E+08  1.20088767E+12  8.63076148E-04  5.30990822E-13  0.00000000E+00  0.00000000E+00  0.00000000E+00  0.00000000E+00  0.00000000E+00  0.00000000E+00  0.00000000E+00  0.00000000E+00  0.00000000E+00
00004  2.32000000E+05  9.99999998E-02 -3.06222578E+00 -8.72380253E-01  3.43232318E+00  6.63707637E+00  5.51938824E+00  1.63977423E+01  2.63724145E+00  6.98490867E-01  2.81392912E-01  3.53980867E-03  1.06566226E-03  1.00996559E-02  3.49298517E+02  6.79809517E+08  1.20088769E+12  8.63076237E-04  5.30991128E-13  0.00000000E+00  0.00000000E+00  0.00000000E+00  0.00000000E+00  0.00000000E+00  0.00000000E+00  0.00000000E+00  0.00000000E+00  0.00000000E+00
00005  3.18400000E+05  9.99999997E-02 -3.06222579E+00 -8.72380256E-01  3.43232318E+00  6.63707638E+00  5.51938826E+00  1.63977423E+01  2.63724145E+00  6.98490834E-01  2.81392944E-01  3.53980867E-03  1.06566226E-03  1.00996559E-02  3.49298514E+02  6.79809526E+08  1.20088770E+12  8.63076343E-04  5.30991479E-13  0.00000000E+00  0.00000000E+00  0.00000000E+00  0.00000000E+00  0.00000000E+00  0.00000000E+00  0.00000000E+00  0.00000000E+00  0.00000000E+00
00006  4.22080000E+05  9.99999996E-02 -3.06222579E+00 -8.72380259E-01  3.43232318E+00  6.63707639E+00  5.51938829E+00  1.63977424E+01  2.63724146E+00  6.98490800E-01  2.81392979E-01  3.53980867E-03  1.06566226E-03  1.00996559E-02  3.49298510E+02  6.79809536E+08  1.20088771E+12  8.63076468E-04  5.30991883E-13  0.00000000E+00  0.00000000E+00  0.00000000E+00  0.00000000E+00  0.00000000E+00  0.00000000E+00  0.00000000E+00  0.00000000E+00  0.00000000E+00
00007  5.46496000E+05  9.99999994E-02 -3.06222579E+00 -8.72380264E-01  3.43232318E+00  6.63707640E+00  5.51938832E+00  1.63977424E+01  2.63724147E+00  6.98490763E-01  2.81393015E-01  3.53980867E-03  1.06566226E-03  1.00996559E-02  3.49298505E+02  6.79809551E+08  1.20088772E+12  8.63076614E-04  5.30992344E-13  0.00000000E+00  0.00000000E+00  0.00000000E+00  0.00000000E+00  0.00000000E+00  0.00000000E+00  0.00000000E+00  0.00000000E+00  0.00000000E+00
00008  6.95795200E+05  9.99999993E-02 -3.06222580E+00 -8.72380269E-01  3.43232318E+00  6.63707642E+00  5.51938836E+00  1.63977424E+01  2.63724147E+00  6.98490724E-01  2.81393054E-01  3.53980867E-03  1.06566226E-03  1.00996559E-02  3.49298498E+02  6.79809572E+08  1.20088775E+12  8.63076784E-04  5.30992872E-13  0.00000000E+00  0.00000000E+00  0.00000000E+00  0.00000000E+00  0.00000000E+00  0.00000000E+00  0.00000000E+00  0.00000000E+00  0.00000000E+00
00009  8.74954240E+05  9.99999991E-02 -3.06222581E+00 -8.72380275E-01  3.43232318E+00  6.63707644E+00  5.51938839E+00  1.63977425E+01  2.63724148E+00  6.98490683E-01  2.81393095E-01  3.53980867E-03  1.06566226E-03  1.00996559E-02  3.49298491E+02  6.79809590E+08  1.20088776E+12  8.63076981E-04  5.30993472E-13  0.00000000E+00  0.00000000E+00  0.00000000E+00  0.00000000E+00  0.00000000E+00  0.00000000E+00  0.00000000E+00  0.00000000E+00  0.00000000E+00
00010  1.08994509E+06  9.99999988E-02 -3.06222582E+00 -8.72380283E-01  3.43232318E+00  6.63707646E+00  5.51938844E+00  1.63977425E+01  2.63724148E+00  6.98490639E-01  2.81393139E-01  3.53980867E-03  1.06566226E-03  1.00996559E-02  3.49298482E+02  6.79809613E+08  1.20088779E+12  8.63077210E-04  5.30994154E-13  0.00000000E+00  0.00000000E+00  0.00000000E+00  0.00000000E+00  0.00000000E+00  0.00000000E+00  0.00000000E+00  0.00000000E+00  0.00000000E+00
00011  1.34793411E+06  9.99999986E-02 -3.06222583E+00 -8.72380292E-01  3.43232318E+00  6.63707648E+00  5.51938848E+00  1.63977426E+01  2.63724148E+00  6.98490591E-01  2.81393187E-01  3.53980867E-03  1.06566226E-03  1.00996559E-02  3.49298472E+02  6.79809643E+08  1.20088782E+12  8.63077472E-04  5.30994925E-13  0.00000000E+00  0.00000000E+00  0.00000000E+00  0.00000000E+00  0.00000000E+00  0.00000000E+00  0.00000000E+00  0.00000000E+00  0.00000000E+00
00012  1.65752093E+06  9.99999982E-02 -3.06222589E+00 -8.72380307E-01  3.43232318E+00  6.63707643E+00  5.51938833E+00  1.63977425E+01  2.63724141E+00  6.98490854E-01  2.81392924E-01  3.53980866E-03  1.06566229E-03  1.00996558E-02  3.49298455E+02  6.79809747E+08  1.20088797E+12  8.63077219E-04  5.30993469E-13  0.00000000E+00  0.00000000E+00  0.00000000E+00  0.00000000E+00  0.00000000E+00  0.00000000E+00  0.00000000E+00  0.00000000E+00  0.00000000E+00
00013  2.02902511E+06  9.99999978E-02 -3.06222591E+00 -8.72380320E-01  3.43232318E+00  6.63707645E+00  5.51938837E+00  1.63977425E+01  2.63724140E+00  6.98490823E-01  2.81392955E-01  3.53980866E-03  1.06566229E-03  1.00996558E-02  3.49298439E+02  6.79809801E+08  1.20088803E+12  8.63077503E-04  5.30994223E-13  0.00000000E+00  0.00000000E+00  0.00000000E+00  0.00000000E+00  0.00000000E+00  0.00000000E+00  0.00000000E+00  0.00000000E+00  0.00000000E+00
00014  2.47483013E+06  9.99999973E-02 -3.06222594E+00 -8.72380337E-01  3.43232318E+00  6.63707648E+00  5.51938842E+00  1.63977426E+01  2.63724140E+00  6.98490786E-01  2.81392992E-01  3.53980866E-03  1.06566212E-03  1.00996560E-02  3.49298420E+02  6.79809869E+08  1.20088811E+12  8.63077843E-04  5.30995128E-13  0.00000000E+00  0.00000000E+00  0.00000000E+00  0.00000000E+00  0.00000000E+00  0.00000000E+00  0.00000000E+00  0.00000000E+00  0.00000000E+00
00015  3.00979616E+06  9.99999967E-02 -3.06222598E+00 -8.72380357E-01  3.43232318E+00  6.63707651E+00  5.51938848E+00  1.63977427E+01  2.63724139E+00  6.98490741E-01  2.81393037E-01  3.53980866E-03  1.06566212E-03  1.00996560E-02  3.49298397E+02  6.79809948E+08  1.20088820E+12  8.63078250E-04  5.30996212E-13  0.00000000E+00  0.00000000E+00  0.00000000E+00  0.00000000E+00  0.00000000E+00  0.00000000E+00  0.00000000E+00  0.00000000E+00  0.00000000E+00
00016  3.65175539E+06  9.99999960E-02 -3.06222602E+00 -8.72380380E-01  3.43232318E+00  6.63707655E+00  5.51938855E+00  1.63977427E+01  2.63724138E+00  6.98490687E-01  2.81393091E-01  3.53980866E-03  1.06566212E-03  1.00996560E-02  3.49298370E+02  6.79810044E+08  1.20088831E+12  8.63078736E-04  5.30997510E-13  0.00000000E+00  0.00000000E+00  0.00000000E+00  0.00000000E+00  0.00000000E+00  0.00000000E+00  0.00000000E+00  0.00000000E+00  0.00000000E+00
00017  4.42210647E+06  9.99999951E-02 -3.06222607E+00 -8.72380408E-01  3.43232318E+00  6.63707660E+00  5.51938863E+00  1.63977429E+01  2.63724136E+00  6.98490622E-01  2.81393156E-01  3.53980866E-03  1.06566212E-03  1.00996560E-02  3.49298338E+02  6.79810155E+08  1.20088844E+12  8.63079316E-04  5.30999062E-13  0.00000000E+00  0.00000000E+00  0.00000000E+00  0.00000000E+00  0.00000000E+00  0.00000000E+00  0.00000000E+00  0.00000000E+00  0.00000000E+00
00018  5.34652777E+06  9.99999941E-02 -3.06222613E+00 -8.72380442E-01  3.43232318E+00  6.63707665E+00  5.51938872E+00  1.63977430E+01  2.63724133E+00  6.98490544E-01  2.81393234E-01  3.53980866E-03  1.06566213E-03  1.00996560E-02  3.49298299E+02  6.79810287E+08  1.20088860E+12  8.63080009E-04  5.31000919E-13  0.00000000E+00  0.00000000E+00  0.00000000E+00  0.00000000E+00  0.00000000E+00  0.00000000E+00  0.00000000E+00  0.00000000E+00  0.00000000E+00
00019  6.45583332E+06  9.99999928E-02 -3.06222620E+00 -8.72380481E-01  3.43232319E+00  6.63707672E+00  5.51938884E+00  1.63977431E+01  2.63724130E+00  6.98490451E-01  2.81393327E-01  3.53980866E-03  1.06566209E-03  1.00996560E-02  3.49298254E+02  6.79810441E+08  1.20088877E+12  8.63080835E-04  5.31003138E-13  0.00000000E+00  0.00000000E+00  0.00000000E+00  0.00000000E+00  0.00000000E+00  0.00000000E+00  0.00000000E+00  0.00000000E+00  0.00000000E+00
00020  7.78699998E+06  9.99999914E-02 -3.06222628E+00 -8.72380528E-01  3.43232319E+00  6.63707679E+00  5.51938897E+00  1.63977433E+01  2.63724125E+00  6.98490339E-01  2.81393439E-01  3.53980866E-03  1.06566210E-03  1.00996560E-02  3.49298200E+02  6.79810619E+08  1.20088898E+12  8.63081817E-04  5.31005788E-13  0.00000000E+00  0.00000000E+00  0.00000000E+00  0.00000000E+00  0.00000000E+00  0.00000000E+00  0.00000000E+00  0.00000000E+00  0.00000000E+00
00021  9.38439998E+06  9.99999896E-02 -3.06222638E+00 -8.72380583E-01  3.43232319E+00  6.63707689E+00  5.51938913E+00  1.63977435E+01  2.63724117E+00  6.98490205E-01  2.81393573E-01  3.53980866E-03  1.06566205E-03  1.00996561E-02  3.49298136E+02  6.79810829E+08  1.20088922E+12  8.63082986E-04  5.31008950E-13  0.00000000E+00  0.00000000E+00  0.00000000E+00  0.00000000E+00  0.00000000E+00  0.00000000E+00  0.00000000E+00  0.00000000E+00  0.00000000E+00
00022  1.13012800E+07  9.99999874E-02 -3.06222649E+00 -8.72380648E-01  3.43232320E+00  6.63707700E+00  5.51938932E+00  1.63977438E+01  2.63724107E+00  6.98490044E-01  2.81393735E-01  3.53980866E-03  1.06566199E-03  1.00996561E-02  3.49298061E+02  6.79811071E+08  1.20088949E+12  8.63084372E-04  5.31012718E-13  0.00000000E+00  0.00000000E+00  0.00000000E+00  0.00000000E+00  0.00000000E+00  0.00000000E+00  0.00000000E+00  0.00000000E+00  0.00000000E+00
00023  1.36015360E+07  9.99999849E-02 -3.06222661E+00 -8.72380725E-01  3.43232321E+00  6.63707713E+00  5.51938954E+00  1.63977440E+01  2.63724093E+00  6.98489850E-01  2.81393928E-01  3.53980865E-03  1.06566191E-03  1.00996562E-02  3.49297974E+02  6.79811349E+08  1.20088980E+12  8.63086012E-04  5.31017201E-13  0.00000000E+00  0.00000000E+00  0.00000000E+00  0.00000000E+00  0.00000000E+00  0.00000000E+00  0.00000000E+00  0.00000000E+00  0.00000000E+00
00024  1.63618432E+07  9.99999818E-02 -3.06222675E+00 -8.72380813E-01  3.43232322E+00  6.63707729E+00  5.51938980E+00  1.63977444E+01  2.63724072E+00  6.98489618E-01  2.81394160E-01  3.53980865E-03  1.06566189E-03  1.00996562E-02  3.49297872E+02  6.79811659E+08  1.20089014E+12  8.63087948E-04  5.31022529E-13  0.00000000E+00  0.00000000E+00  0.00000000E+00  0.00000000E+00  0.00000000E+00  0.00000000E+00  0.00000000E+00  0.00000000E+00  0.00000000E+00
00025  1.96742118E+07  9.99999781E-02 -3.06222690E+00 -8.72380916E-01  3.43232323E+00  6.63707748E+00  5.51939009E+00  1.63977448E+01  2.63724044E+00  6.98489340E-01  2.81394439E-01  3.53980865E-03  1.06566186E-03  1.00996562E-02  3.49297755E+02  6.79812007E+08  1.20089051E+12  8.63090227E-04  5.31028851E-13  0.00000000E+00  0.00000000E+00  0.00000000E+00  0.00000000E+00  0.00000000E+00  0.00000000E+00  0.00000000E+00  0.00000000E+00  0.00000000E+00
00026  2.36490542E+07  9.99999736E-02 -3.06222706E+00 -8.72381034E-01  3.43232325E+00  6.63707770E+00  5.51939043E+00  1.63977452E+01  2.63724003E+00  6.98489006E-01  2.81394773E-01  3.53980862E-03  1.06566184E-03  1.00996564E-02  3.49297620E+02  6.79812386E+08  1.20089091E+12  8.63092901E-04  5.31036332E-13  0.00000000E+00  0.00000000E+00  0.00000000E+00  0.00000000E+00  0.00000000E+00  0.00000000E+00  0.00000000E+00  0.00000000E+00  0.00000000E+00
00027  2.84188650E+07  9.99999683E-02 -3.06222723E+00 -8.72381169E-01  3.43232327E+00  6.63707796E+00  5.51939082E+00  1.63977457E+01  2.63723946E+00  6.98488604E-01  2.81395174E-01  3.53980863E-03  1.06566198E-03  1.00996563E-02  3.49297466E+02  6.79812791E+08  1.20089132E+12  8.63096022E-04  5.31045174E-13  0.00000000E+00  0.00000000E+00  0.00000000E+00  0.00000000E+00  0.00000000E+00  0.00000000E+00  0.00000000E+00  0.00000000E+00  0.00000000E+00
00028  3.41426380E+07  9.99999619E-02 -3.06222740E+00 -8.72381322E-01  3.43232331E+00  6.63707828E+00  5.51939125E+00  1.63977463E+01  2.63723865E+00  6.98488123E-01  2.81395655E-01  3.53980875E-03  1.06566134E-03  1.00996568E-02  3.49297294E+02  6.79813204E+08  1.20089170E+12  8.63099649E-04  5.31055607E-13  0.00000000E+00  0.00000000E+00  0.00000000E+00  0.00000000E+00  0.00000000E+00  0.00000000E+00  0.00000000E+00  0.00000000E+00  0.00000000E+00
00029  4.10111656E+07  9.99999543E-02 -3.06222755E+00 -8.72381491E-01  3.43232336E+00  6.63707865E+00  5.51939174E+00  1.63977469E+01  2.63723753E+00  6.98487546E-01  2.81396232E-01  3.53980869E-03  1.06566139E-03  1.00996566E-02  3.49297103E+02  6.79813601E+08  1.20089203E+12  8.63103840E-04  5.31067831E-13  0.00000000E+00  0.00000000E+00  0.00000000E+00  0.00000000E+00  0.00000000E+00  0.00000000E+00  0.00000000E+00  0.00000000E+00  0.00000000E+00
00030  4.92533987E+07  9.99999450E-02 -3.06222766E+00 -8.72381677E-01  3.43232342E+00  6.63707908E+00  5.51939226E+00  1.63977475E+01  2.63723598E+00  6.98486853E-01  2.81396925E-01  3.53980882E-03  1.06566039E-03  1.00996574E-02  3.49296895E+02  6.79813945E+08  1.20089223E+12  8.63108652E-04  5.31082175E-13  0.00000000E+00  0.00000000E+00  0.00000000E+00  0.00000000E+00  0.00000000E+00  0.00000000E+00  0.00000000E+00  0.00000000E+00  0.00000000E+00
00031  5.91440784E+07  9.99999340E-02 -3.06222771E+00 -8.72381876E-01  3.43232351E+00  6.63707959E+00  5.51939283E+00  1.63977483E+01  2.63723383E+00  6.98486020E-01  2.81397758E-01  3.53980871E-03  1.06566053E-03  1.00996569E-02  3.49296674E+02  6.79814183E+08  1.20089223E+12  8.63114150E-04  5.31098905E-13  0.00000000E+00  0.00000000E+00  0.00000000E+00  0.00000000E+00  0.00000000E+00  0.00000000E+00  0.00000000E+00  0.00000000E+00  0.00000000E+00
00032  7.10128941E+07  9.99999207E-02 -3.06222765E+00 -8.72382084E-01  3.43232362E+00  6.63708019E+00  5.51939341E+00  1.63977490E+01  2.63723088E+00  6.98485023E-01  2.81398757E-01  3.53980908E-03  1.06565768E-03  1.00996584E-02  3.49296446E+02  6.79814241E+08  1.20089192E+12  8.63120354E-04  5.31118401E-13  0.00000000E+00  0.00000000E+00  0.00000000E+00  0.00000000E+00  0.00000000E+00  0.00000000E+00  0.00000000E+00  0.00000000E+00  0.00000000E+00
00033  8.52554730E+07  9.99999048E-02 -3.06222745E+00 -8.72382294E-01  3.43232378E+00  6.63708090E+00  5.51939398E+00  1.63977497E+01  2.63722686E+00  6.98483825E-01  2.81399954E-01  3.53980922E-03  1.06565510E-03  1.00996608E-02  3.49296221E+02  6.79814031E+08  1.20089116E+12  8.63127320E-04  5.31140973E-13  0.00000000E+00  0.00000000E+00  0.00000000E+00  0.00000000E+00  0.00000000E+00  0.00000000E+00  0.00000000E+00  0.00000000E+00  0.00000000E+00
00034  1.02346568E+08  9.99998857E-02 -3.06222700E+00 -8.72382496E-01  3.43232400E+00  6.63708172E+00  5.51939453E+00  1.63977504E+01  2.63722145E+00  6.98482385E-01  2.81401393E-01  3.53980965E-03  1.06565843E-03  1.00996580E-02  3.49296010E+02  6.79813378E+08  1.20088968E+12  8.63135090E-04  5.31167159E-13  0.00000000E+00  0.00000000E+00  0.00000000E+00  0.00000000E+00  0.00000000E+00  0.00000000E+00  0.00000000E+00  0.00000000E+00  0.00000000E+00
00035  1.22855881E+08  9.99998628E-02 -3.06222624E+00 -8.72382676E-01  3.43232427E+00  6.63708268E+00  5.51939500E+00  1.63977510E+01  2.63721421E+00  6.98480662E-01  2.81403118E-01  3.53980941E-03  1.06565871E-03  1.00996571E-02  3.49295833E+02  6.79812169E+08  1.20088732E+12  8.63143616E-04  5.31197120E-13  0.00000000E+00  0.00000000E+00  0.00000000E+00  0.00000000E+00  0.00000000E+00  0.00000000E+00  0.00000000E+00  0.00000000E+00  0.00000000E+00
00036  1.47467057E+08  9.99998354E-02 -3.06222504E+00 -8.72382819E-01  3.43232465E+00  6.63708380E+00  5.51939534E+00  1.63977513E+01  2.63720465E+00  6.98478590E-01  2.81405189E-01  3.53981031E-03  1.06566844E-03  1.00996467E-02  3.49295708E+02  6.79810130E+08  1.20088365E+12  8.63152992E-04  5.31231891E-13  0.00000000E+00  0.00000000E+00  0.00000000E+00  0.00000000E+00  0.00000000E+00  0.00000000E+00  0.00000000E+00  0.00000000E+00  0.00000000E+00
00037  1.77000469E+08  9.99998024E-02 -3.06222333E+00 -8.72382906E-01  3.43232512E+00  6.63708511E+00  5.51939550E+00  1.63977514E+01  2.63719216E+00  6.98476104E-01  2.81407673E-01  3.53981122E-03  1.06567069E-03  1.00996456E-02  3.49295662E+02  6.79807141E+08  1.20087853E+12  8.63163192E-04  5.31271870E-13  0.00000000E+00  0.00000000E+00  0.00000000E+00  0.00000000E+00  0.00000000E+00  0.00000000E+00  0.00000000E+00  0.00000000E+00  0.00000000E+00
00038  2.12440562E+08  9.99997628E-02 -3.06222088E+00 -8.72382913E-01  3.43232573E+00  6.63708663E+00  5.51939540E+00  1.63977512E+01  2.63717605E+00  6.98473127E-01  2.81410656E-01  3.53981146E-03  1.06566065E-03  1.00996502E-02  3.49295722E+02  6.79802788E+08  1.20087129E+12  8.63174224E-04  5.31317683E-13  0.00000000E+00  0.00000000E+00  0.00000000E+00  0.00000000E+00  0.00000000E+00  0.00000000E+00  0.00000000E+00  0.00000000E+00  0.00000000E+00
00039  2.54968675E+08  9.99997153E-02 -3.06221756E+00 -8.72382820E-01  3.43232652E+00  6.63708840E+00  5.51939498E+00  1.63977505E+01  2.63715556E+00  6.98469561E-01  2.81414219E-01  3.53981022E-03  1.06568215E-03  1.00996345E-02  3.49295917E+02  6.79796795E+08  1.20086153E+12  8.63186202E-04  5.31370304E-13  0.00000000E+00  0.00000000E+00  0.00000000E+00  0.00000000E+00  0.00000000E+00  0.00000000E+00  0.00000000E+00  0.00000000E+00  0.00000000E+00
00040  3.06002410E+08  9.99996583E-02 -3.06221322E+00 -8.72382615E-01  3.43232750E+00  6.63709050E+00  5.51939419E+00  1.63977493E+01  2.63712975E+00  6.98465269E-01  2.81418511E-01  3.53981419E-03  1.06566293E-03  1.00996511E-02  3.49296264E+02  6.79788909E+08  1.20084885E+12  8.63199491E-04  5.31432638E-13  0.00000000E+00  0.00000000E+00  0.00000000E+00  0.00000000E+00  0.00000000E+00  0.00000000E+00  0.00000000E+00  0.00000000E+00  0.00000000E+00
00041  3.67242892E+08  9.99995899E-02 -3.06220774E+00 -8.72382269E-01  3.43232870E+00  6.63709298E+00  5.51939295E+00  1.63977474E+01  2.63709757E+00  6.98460114E-01  2.81423656E-01  3.53980775E-03  1.06564037E-03  1.00996919E-02  3.49296800E+02  6.79778865E+08  1.20083289E+12  8.63214267E-04  5.31503904E-13  0.00000000E+00  0.00000000E+00  0.00000000E+00  0.00000000E+00  0.00000000E+00  0.00000000E+00  0.00000000E+00  0.00000000E+00  0.00000000E+00
00042  4.40731470E+08  9.99995078E-02 -3.06220064E+00 -8.72381771E-01  3.43233022E+00  6.63709591E+00  5.51939120E+00  1.63977449E+01  2.63705800E+00  6.98453933E-01  2.81429842E-01  3.53980775E-03  1.06558121E-03  1.00997477E-02  3.49297545E+02  6.79765858E+08  1.20081228E+12  8.63230927E-04  5.31588762E-13  0.00000000E+00  0.00000000E+00  0.00000000E+00  0.00000000E+00  0.00000000E+00  0.00000000E+00  0.00000000E+00  0.00000000E+00  0.00000000E+00
00043  5.28917764E+08  9.99994093E-02 -3.06219203E+00 -8.72381098E-01  3.43233204E+00  6.63709939E+00  5.51938889E+00  1.63977415E+01  2.63700966E+00  6.98446520E-01  2.81437256E-01  3.53979332E-03  1.06561064E-03  1.00997329E-02  3.49298528E+02  6.79749987E+08  1.20078728E+12  8.63249981E-04  5.31686865E-13  0.00000000E+00  0.00000000E+00  0.00000000E+00  0.00000000E+00  0.00000000E+00  0.00000000E+00  0.00000000E+00  0.00000000E+00  0.00000000E+00
00044  6.34741317E+08  9.99992911E-02 -3.06218143E+00 -8.72380230E-01  3.43233425E+00  6.63710350E+00  5.51938594E+00  1.63977372E+01  2.63695122E+00  6.98437672E-01  2.81446142E-01  3.53979370E-03  1.06546988E-03  1.00998483E-02  3.49299782E+02  6.79730430E+08  1.20075655E+12  8.63271856E-04  5.31805148E-13  0.00000000E+00  0.00000000E+00  0.00000000E+00  0.00000000E+00  0.00000000E+00  0.00000000E+00  0.00000000E+00  0.00000000E+00  0.00000000E+00
00045  7.61729581E+08  9.99991493E-02 -3.06216884E+00 -8.72379145E-01  3.43233686E+00  6.63710840E+00  5.51938226E+00  1.63977319E+01  2.63688082E+00  6.98427083E-01  2.81456841E-01  3.53976801E-03  1.06543981E-03  1.00997827E-02  3.49301339E+02  6.79707088E+08  1.20072002E+12  8.63297326E-04  5.31941518E-13  0.00000000E+00  0.00000000E+00  0.00000000E+00  0.00000000E+00  0.00000000E+00  0.00000000E+00  0.00000000E+00  0.00000000E+00  0.00000000E+00
00046  9.14115497E+08  9.99989791E-02 -3.06215321E+00 -8.72377871E-01  3.43234013E+00  6.63711436E+00  5.51937793E+00  1.63977256E+01  2.63679600E+00  6.98414293E-01  2.81469650E-01  3.53978776E-03  1.06490795E-03  1.01002360E-02  3.49303173E+02  6.79678326E+08  1.20067478E+12  8.63328866E-04  5.32115466E-13  0.00000000E+00  0.00000000E+00  0.00000000E+00  0.00000000E+00  0.00000000E+00  0.00000000E+00  0.00000000E+00  0.00000000E+00  0.00000000E+00
00047  1.09697860E+09  9.99987748E-02 -3.06213483E+00 -8.72376294E-01  3.43234394E+00  6.63712151E+00  5.51937259E+00  1.63977179E+01  2.63669342E+00  6.98398878E-01  2.81485095E-01  3.53977592E-03  1.06526208E-03  1.00998594E-02  3.49305433E+02  6.79644314E+08  1.20062151E+12  8.63366281E-04  5.32318745E-13  0.00000000E+00  0.00000000E+00  0.00000000E+00  0.00000000E+00  0.00000000E+00  0.00000000E+00  0.00000000E+00  0.00000000E+00  0.00000000E+00
00048  1.31641432E+09  9.99985298E-02 -3.06211229E+00 -8.72374397E-01  3.43234862E+00  6.63713015E+00  5.51936617E+00  1.63977086E+01  2.63656966E+00  6.98380314E-01  2.81503489E-01  3.53974127E-03  1.06568424E-03  1.00997151E-02  3.49308149E+02  6.79602742E+08  1.20055626E+12  8.63411729E-04  5.32561558E-13  0.00000000E+00  0.00000000E+00  0.00000000E+00  0.00000000E+00  0.00000000E+00  0.00000000E+00  0.00000000E+00  0.00000000E+00  0.00000000E+00
00049  1.57973718E+09  9.99982357E-02 -3.06208545E+00 -8.72372077E-01  3.43235417E+00  6.63714037E+00  5.51935834E+00  1.63976973E+01  2.63642194E+00  6.98358223E-01  2.81525643E-01  3.53974127E-03  1.06571892E-03  1.00995985E-02  3.49311462E+02  6.79553112E+08  1.20047852E+12  8.63464543E-04  5.32854330E-13  0.00000000E+00  0.00000000E+00  0.00000000E+00  0.00000000E+00  0.00000000E+00  0.00000000E+00  0.00000000E+00  0.00000000E+00  0.00000000E+00
00050  1.89572461E+09  9.99978827E-02 -3.06205309E+00 -8.72369338E-01  3.43236089E+00  6.63715270E+00  5.51934907E+00  1.63976839E+01  2.63624475E+00  6.98331648E-01  2.81552225E-01  3.53973771E-03  1.06571247E-03  1.00996060E-02  3.49315383E+02  6.79493399E+08  1.20038485E+12  8.63528888E-04  5.33207682E-13  0.00000000E+00  0.00000000E+00  0.00000000E+00  0.00000000E+00  0.00000000E+00  0.00000000E+00  0.00000000E+00  0.00000000E+00  0.00000000E+00
00051  2.27490954E+09  9.99974592E-02 -3.06201450E+00 -8.72366046E-01  3.43236889E+00  6.63716741E+00  5.51933793E+00  1.63976678E+01  2.63603292E+00  6.98299882E-01  2.81584186E-01  3.53974319E-03  1.06513250E-03  1.00999355E-02  3.49320095E+02  6.79422126E+08  1.20027312E+12  8.63605261E-04  5.33630627E-13  0.00000000E+00  0.00000000E+00  0.00000000E+00  0.00000000E+00  0.00000000E+00  0.00000000E+00  0.00000000E+00  0.00000000E+00  0.00000000E+00
00052  2.72993145E+09  9.99969510E-02 -3.06196844E+00 -8.72362084E-01  3.43237843E+00  6.63718511E+00  5.51932454E+00  1.63976485E+01  2.63577809E+00  6.98261683E-01  2.81622468E-01  3.53980814E-03  1.06503261E-03  1.00999356E-02  3.49325763E+02  6.79336971E+08  1.20013973E+12  8.63697204E-04  5.34148637E-13  0.00000000E+00  0.00000000E+00  0.00000000E+00  0.00000000E+00  0.00000000E+00  0.00000000E+00  0.00000000E+00  0.00000000E+00  0.00000000E+00
00053  3.27595773E+09  9.99963411E-02 -3.06191268E+00 -8.72357347E-01  3.43239000E+00  6.63720641E+00  5.51930851E+00  1.63976253E+01  2.63547189E+00  6.98215750E-01  2.81668431E-01  3.53983251E-03  1.06496940E-03  1.00999382E-02  3.49332543E+02  6.79234064E+08  1.19997834E+12  8.63808335E-04  5.34765185E-13  0.00000000E+00  0.00000000E+00  0.00000000E+00  0.00000000E+00  0.00000000E+00  0.00000000E+00  0.00000000E+00  0.00000000E+00  0.00000000E+00
00054  3.93118928E+09  9.99956092E-02 -3.06184580E+00 -8.72351641E-01  3.43240387E+00  6.63723199E+00  5.51928922E+00  1.63975975E+01  2.63510398E+00  6.98160592E-01  2.81723620E-01  3.53980555E-03  1.06486437E-03  1.01000603E-02  3.49340706E+02  6.79110606E+08  1.19978477E+12  8.63941621E-04  5.35497740E-13  0.00000000E+00  0.00000000E+00  0.00000000E+00  0.00000000E+00  0.00000000E+00  0.00000000E+00  0.00000000E+00  0.00000000E+00  0.00000000E+00
00055  4.71746714E+09  9.99947310E-02 -3.06176564E+00 -8.72344793E-01  3.43242048E+00  6.63726264E+00  5.51926606E+00  1.63975640E+01  2.63466301E+00  6.98094472E-01  2.81789836E-01  3.53979423E-03  1.06490418E-03  1.00999099E-02  3.49350503E+02  6.78962625E+08  1.19955279E+12  8.64101112E-04  5.36379729E-13  0.00000000E+00  0.00000000E+00  0.00000000E+00  0.00000000E+00  0.00000000E+00  0.00000000E+00  0.00000000E+00  0.00000000E+00  0.00000000E+00
00056  5.66100056E+09  9.99936770E-02 -3.06166927E+00 -8.72336572E-01  3.43244047E+00  6.63729949E+00  5.51923826E+00  1.63975239E+01  2.63413308E+00  6.98015010E-01  2.81869297E-01  3.53979607E-03  1.06487856E-03  1.00999421E-02  3.49362264E+02  6.78784829E+08  1.19927401E+12  8.64293185E-04  5.37444794E-13  0.00000000E+00  0.00000000E+00  0.00000000E+00  0.00000000E+00  0.00000000E+00  0.00000000E+00  0.00000000E+00  0.00000000E+00  0.00000000E+00
00057  6.79324068E+09  9.99924123E-02 -3.06155364E+00 -8.72326690E-01  3.43246443E+00  6.63734372E+00  5.51920485E+00  1.63974756E+01  2.63349696E+00  6.97919641E-01  2.81964652E-01  3.53980170E-03  1.06487141E-03  1.00999536E-02  3.49376397E+02  6.78571525E+08  1.19893959E+12  8.64523550E-04  5.38726071E-13  0.00000000E+00  0.00000000E+00  0.00000000E+00  0.00000000E+00  0.00000000E+00  0.00000000E+00  0.00000000E+00  0.00000000E+00  0.00000000E+00
00058  8.15192881E+09  9.99908946E-02 -3.06141493E+00 -8.72314827E-01  3.43249318E+00  6.63739678E+00  5.51916474E+00  1.63974177E+01  2.63273365E+00  6.97805183E-01  2.82079147E-01  3.53982274E-03  1.06469413E-03  1.01000556E-02  3.49393365E+02  6.78315706E+08  1.19853852E+12  8.64799937E-04  5.40269711E-13  0.00000000E+00  0.00000000E+00  0.00000000E+00  0.00000000E+00  0.00000000E+00  0.00000000E+00  0.00000000E+00  0.00000000E+00  0.00000000E+00
00059  9.78235458E+09  9.99890733E-02 -3.06124838E+00 -8.72300583E-01  3.43252769E+00  6.63746051E+00  5.51911659E+00  1.63973482E+01  2.63181724E+00  6.97667740E-01  2.82216610E-01  3.53978898E-03  1.06438200E-03  1.01004627E-02  3.49413737E+02  6.78008691E+08  1.19805716E+12  8.65131962E-04  5.42120269E-13  0.00000000E+00  0.00000000E+00  0.00000000E+00  0.00000000E+00  0.00000000E+00  0.00000000E+00  0.00000000E+00  0.00000000E+00  0.00000000E+00
00060  1.17388655E+10  9.99868876E-02 -3.06104905E+00 -8.72283531E-01  3.43256900E+00  6.63753679E+00  5.51905891E+00  1.63972649E+01  2.63072022E+00  6.97503125E-01  2.82381678E-01  3.53981714E-03  1.06154604E-03  1.01025819E-02  3.49438135E+02  6.77641328E+08  1.19748121E+12  8.65529197E-04  5.44354177E-13  0.00000000E+00  0.00000000E+00  0.00000000E+00  0.00000000E+00  0.00000000E+00  0.00000000E+00  0.00000000E+00  0.00000000E+00  0.00000000E+00
00061  1.40866786E+10  9.99842648E-02 -3.06080954E+00 -8.72263019E-01  3.43261862E+00  6.63762854E+00  5.51898959E+00  1.63971648E+01  2.62940133E+00  6.97305135E-01  2.82579873E-01  3.53965194E-03  1.06249132E-03  1.01015153E-02  3.49467477E+02  6.77200208E+08  1.19678961E+12  8.66007243E-04  5.47022737E-13  0.00000000E+00  0.00000000E+00  0.00000000E+00  0.00000000E+00  0.00000000E+00  0.00000000E+00  0.00000000E+00  0.00000000E+00  0.00000000E+00
00062  1.69040543E+10  9.99811171E-02 -3.06051896E+00 -8.72238019E-01  3.43267877E+00  6.63773974E+00  5.51890504E+00  1.63970429E+01  2.62780169E+00  6.97066010E-01  2.82814928E-01  3.53969939E-03  1.06891414E-03  1.01000027E-02  3.49503154E+02  6.76665693E+08  1.19595147E+12  8.66588539E-04  5.50314264E-13  0.00000000E+00  0.00000000E+00  0.00000000E+00  0.00000000E+00  0.00000000E+00  0.00000000E+00  0.00000000E+00  0.00000000E+00  0.00000000E+00
00063  2.02849052E+10  9.99773398E-02 -3.06017329E+00 -8.72208388E-01  3.43275037E+00  6.63787211E+00  5.51880493E+00  1.63968984E+01  2.62589957E+00  6.96780336E-01  2.83100793E-01  3.53975195E-03  1.06869854E-03  1.00999065E-02  3.49545529E+02  6.76030103E+08  1.19495479E+12  8.67278105E-04  5.54255413E-13  0.00000000E+00  0.00000000E+00  0.00000000E+00  0.00000000E+00  0.00000000E+00  0.00000000E+00  0.00000000E+00  0.00000000E+00  0.00000000E+00
00064  2.43419262E+10  9.99728066E-02 -3.05975811E+00 -8.72172678E-01  3.43283631E+00  6.63803142E+00  5.51868429E+00  1.63967243E+01  2.62361091E+00  6.96436703E-01  2.83443674E-01  3.53942072E-03  1.07085509E-03  1.00988156E-02  3.49596569E+02  6.75267369E+08  1.19375886E+12  8.68108578E-04  5.58973379E-13  0.00000000E+00  0.00000000E+00  0.00000000E+00  0.00000000E+00  0.00000000E+00  0.00000000E+00  0.00000000E+00  0.00000000E+00  0.00000000E+00
00065  2.92103514E+10  9.99673663E-02 -3.05926099E+00 -8.72129851E-01  3.43293917E+00  6.63822239E+00  5.51853963E+00  1.63965155E+01  2.62086822E+00  6.96024481E-01  2.83855808E-01  3.53947519E-03  1.07075642E-03  1.00988418E-02  3.49657799E+02  6.74354951E+08  1.19232831E+12  8.69103496E-04  5.64751450E-13  0.00000000E+00  0.00000000E+00  0.00000000E+00  0.00000000E+00  0.00000000E+00  0.00000000E+00  0.00000000E+00  0.00000000E+00  0.00000000E+00
00066  3.27156176E+10  9.99634490E-02 -3.05890314E+00 -8.72098964E-01  3.43301319E+00  6.63836001E+00  5.51843534E+00  1.63963650E+01  2.61889241E+00  6.95727350E-01  2.84152933E-01  3.53950256E-03  1.07079791E-03  1.00988125E-02  3.49701954E+02  6.73698802E+08  1.19129957E+12  8.69820560E-04  5.68950287E-13  0.00000000E+00  0.00000000E+00  0.00000000E+00  0.00000000E+00  0.00000000E+00  0.00000000E+00  0.00000000E+00  0.00000000E+00  0.00000000E+00
00067  3.62208838E+10  9.99595315E-02 -3.05854527E+00 -8.72068043E-01  3.43308720E+00  6.63849770E+00  5.51833093E+00  1.63962143E+01  2.61691594E+00  6.95430011E-01  2.84450191E-01  3.53952661E-03  1.07061416E-03  1.00989746E-02  3.49746156E+02  6.73043206E+08  1.19027166E+12  8.70538232E-04  5.73182350E-13  0.00000000E+00  0.00000000E+00  0.00000000E+00  0.00000000E+00  0.00000000E+00  0.00000000E+00  0.00000000E+00  0.00000000E+00  0.00000000E+00
00068  3.97261500E+10  9.99556137E-02 -3.05818889E+00 -8.72037189E-01  3.43316087E+00  6.63863506E+00  5.51822679E+00  1.63960640E+01  2.61494481E+00  6.95133070E-01  2.84747988E-01  3.53945158E-03  1.07219878E-03  1.00958530E-02  3.49790284E+02  6.72390649E+08  1.18924871E+12  8.71253168E-04  5.77418200E-13  0.00000000E+00  0.00000000E+00  0.00000000E+00  0.00000000E+00  0.00000000E+00  0.00000000E+00  0.00000000E+00  0.00000000E+00  0.00000000E+00
00069  4.32314161E+10  9.99516957E-02 -3.05783103E+00 -8.72006197E-01  3.43323484E+00  6.63877300E+00  5.51812219E+00  1.63959131E+01  2.61296634E+00  6.94835115E-01  2.85046014E-01  3.53925369E-03  1.07209941E-03  1.00960548E-02  3.49834585E+02  6.71736217E+08  1.18822259E+12  8.71972387E-04  5.81684138E-13  0.00000000E+00  0.00000000E+00  0.00000000E+00  0.00000000E+00  0.00000000E+00  0.00000000E+00  0.00000000E+00  0.00000000E+00  0.00000000E+00
00070  4.67366823E+10  9.99477774E-02 -3.05747345E+00 -8.71975153E-01  3.43330871E+00  6.63891095E+00  5.51801745E+00  1.63957620E+01  2.61098771E+00  6.94536989E-01  2.85344344E-01  3.53950296E-03  1.07222412E-03  1.00953979E-02  3.49878955E+02  6.71082780E+08  1.18719813E+12  8.72691213E-04  5.86054985E-13  0.00000000E+00  0.00000000E+00  0.00000000E+00  0.00000000E+00  0.00000000E+00  0.00000000E+00  0.00000000E+00  0.00000000E+00  0.00000000E+00
00071  5.09430017E+10  9.99430751E-02 -3.05704376E+00 -8.71937856E-01  3.43339748E+00  6.63907674E+00  5.51789157E+00  1.63955804E+01  2.60861104E+00  6.94178875E-01  2.85702020E-01  3.53955137E-03  1.07107906E-03  1.00968233E-02  3.49932261E+02  6.70298494E+08  1.18596831E+12  8.73555894E-04  5.91308332E-13  0.00000000E+00  0.00000000E+00  0.00000000E+00  0.00000000E+00  0.00000000E+00  0.00000000E+00  0.00000000E+00  0.00000000E+00  0.00000000E+00
00072  5.39715517E+10  9.99396893E-02 -3.05673310E+00 -8.71910755E-01  3.43346160E+00  6.63919674E+00  5.51780018E+00  1.63954486E+01  2.60689029E+00  6.93919824E-01  2.85959589E-01  3.53970864E-03  1.07469386E-03  1.00942871E-02  3.49970946E+02  6.69732008E+08  1.18508011E+12  8.74182130E-04  5.95160975E-13  0.00000000E+00  0.00000000E+00  0.00000000E+00  0.00000000E+00  0.00000000E+00  0.00000000E+00  0.00000000E+00  0.00000000E+00  0.00000000E+00
00073  5.70001017E+10  9.99363033E-02 -3.05642411E+00 -8.71883851E-01  3.43352539E+00  6.63931609E+00  5.51770944E+00  1.63953177E+01  2.60517977E+00  6.93661757E-01  2.86217925E-01  3.53965294E-03  1.07441761E-03  1.00940792E-02  3.50009396E+02  6.69168874E+08  1.18419713E+12  8.74804150E-04  5.98980989E-13  0.00000000E+00  0.00000000E+00  0.00000000E+00  0.00000000E+00  0.00000000E+00  0.00000000E+00  0.00000000E+00  0.00000000E+00  0.00000000E+00
00074  6.00286516E+10  9.99329171E-02 -3.05611626E+00 -8.71857033E-01  3.43358895E+00  6.63943523E+00  5.51761895E+00  1.63951872E+01  2.60347335E+00  6.93404094E-01  2.86475659E-01  3.53966777E-03  1.07427129E-03  1.00947106E-02  3.50047748E+02  6.68608093E+08  1.18331790E+12  8.75424722E-04  6.02829714E-13  0.00000000E+00  0.00000000E+00  0.00000000E+00  0.00000000E+00  0.00000000E+00  0.00000000E+00  0.00000000E+00  0.00000000E+00  0.00000000E+00
00075  6.15429266E+10  9.99312239E-02 -3.05596228E+00 -8.71843548E-01  3.43362070E+00  6.63949498E+00  5.51757351E+00  1.63951216E+01  2.60261734E+00  6.93274826E-01  2.86605035E-01  3.54016382E-03  1.07509453E-03  1.00930735E-02  3.50067018E+02  6.68327687E+08  1.18287840E+12  8.75735767E-04  6.04852763E-13  0.00000000E+00  0.00000000E+00  0.00000000E+00  0.00000000E+00  0.00000000E+00  0.00000000E+00  0.00000000E+00  0.00000000E+00  0.00000000E+00
00076  6.30572016E+10  9.99295307E-02 -3.05580797E+00 -8.71830113E-01  3.43365256E+00  6.63955473E+00  5.51752819E+00  1.63950562E+01  2.60176225E+00  6.93145622E-01  2.86734336E-01  3.54032784E-03  1.07479013E-03  1.00931135E-02  3.50086229E+02  6.68046952E+08  1.18243814E+12  8.76047124E-04  6.06825918E-13  0.00000000E+00  0.00000000E+00  0.00000000E+00  0.00000000E+00  0.00000000E+00  0.00000000E+00  0.00000000E+00  0.00000000E+00  0.00000000E+00
00077  6.45714766E+10  9.99278375E-02 -3.05565374E+00 -8.71816641E-01  3.43368438E+00  6.63961453E+00  5.51748275E+00  1.63949907E+01  2.60090623E+00  6.93016340E-01  2.86863518E-01  3.54032786E-03  1.07460414E-03  1.00935000E-02  3.50105485E+02  6.67766407E+08  1.18199827E+12  8.76358667E-04  6.08778719E-13  0.00000000E+00  0.00000000E+00  0.00000000E+00  0.00000000E+00  0.00000000E+00  0.00000000E+00  0.00000000E+00  0.00000000E+00  0.00000000E+00
00078  6.60857516E+10  9.99261442E-02 -3.05549863E+00 -8.71803114E-01  3.43371640E+00  6.63967465E+00  5.51743717E+00  1.63949250E+01  2.60004632E+00  6.92886423E-01  2.86993229E-01  3.54038973E-03  1.07621125E-03  1.00919339E-02  3.50124809E+02  6.67484543E+08  1.18155617E+12  8.76672481E-04  6.10759656E-13  0.00000000E+00  0.00000000E+00  0.00000000E+00  0.00000000E+00  0.00000000E+00  0.00000000E+00  0.00000000E+00  0.00000000E+00  0.00000000E+00
00079  6.76000266E+10  9.99244508E-02 -3.05534253E+00 -8.71789460E-01  3.43374859E+00  6.63973517E+00  5.51739119E+00  1.63948587E+01  2.59918059E+00  6.92755789E-01  2.87123228E-01  3.54082554E-03  1.07687235E-03  1.00915686E-02  3.50144288E+02  6.67201070E+08  1.18111153E+12  8.76988678E-04  6.12824889E-13  0.00000000E+00  0.00000000E+00  0.00000000E+00  0.00000000E+00  0.00000000E+00  0.00000000E+00  0.00000000E+00  0.00000000E+00  0.00000000E+00
00080  6.94171566E+10  9.99224188E-02 -3.05515734E+00 -8.71773204E-01  3.43378676E+00  6.63980701E+00  5.51733640E+00  1.63947797E+01  2.59815160E+00  6.92600361E-01  2.87278684E-01  3.54084786E-03  1.07639592E-03  1.00921118E-02  3.50167508E+02  6.66864551E+08  1.18058400E+12  8.77361927E-04  6.15197694E-13  0.00000000E+00  0.00000000E+00  0.00000000E+00  0.00000000E+00  0.00000000E+00  0.00000000E+00  0.00000000E+00  0.00000000E+00  0.00000000E+00
00081  7.15977125E+10  9.99199802E-02 -3.05493513E+00 -8.71753779E-01  3.43383260E+00  6.63989331E+00  5.51727092E+00  1.63946853E+01  2.59691758E+00  6.92413732E-01  2.87465191E-01  3.54104559E-03  1.07686060E-03  1.00918235E-02  3.50195276E+02  6.66461079E+08  1.17995129E+12  8.77811261E-04  6.18090512E-13  0.00000000E+00  0.00000000E+00  0.00000000E+00  0.00000000E+00  0.00000000E+00  0.00000000E+00  0.00000000E+00  0.00000000E+00  0.00000000E+00
00082  7.42143797E+10  9.99170537E-02 -3.05466863E+00 -8.71730458E-01  3.43388757E+00  6.63999688E+00  5.51719229E+00  1.63945719E+01  2.59543686E+00  6.92189740E-01  2.87689279E-01  3.54094468E-03  1.07611895E-03  1.00925259E-02  3.50228613E+02  6.65977473E+08  1.17919293E+12  8.78350503E-04  6.21520536E-13  0.00000000E+00  0.00000000E+00  0.00000000E+00  0.00000000E+00  0.00000000E+00  0.00000000E+00  0.00000000E+00  0.00000000E+00  0.00000000E+00
00083  7.60983801E+10  9.99149466E-02 -3.05447868E+00 -8.71713849E-01  3.43392675E+00  6.64007074E+00  5.51713627E+00  1.63944910E+01  2.59438088E+00  6.92029597E-01  2.87850827E-01  3.54104851E-03  1.07414193E-03  1.00922039E-02  3.50252398E+02  6.65632708E+08  1.17865241E+12  8.78734015E-04  6.24008671E-13  0.00000000E+00  0.00000000E+00  0.00000000E+00  0.00000000E+00  0.00000000E+00  0.00000000E+00  0.00000000E+00  0.00000000E+00  0.00000000E+00
00084  7.79823804E+10  9.99128394E-02 -3.05428696E+00 -8.71697023E-01  3.43396627E+00  6.64014548E+00  5.51707955E+00  1.63944092E+01  2.59331298E+00  6.91867972E-01  2.88012331E-01  3.54118340E-03  1.07425371E-03  1.00919788E-02  3.50276446E+02  6.65285096E+08  1.17810737E+12  8.79123593E-04  6.26542837E-13  0.00000000E+00  0.00000000E+00  0.00000000E+00  0.00000000E+00  0.00000000E+00  0.00000000E+00  0.00000000E+00  0.00000000E+00  0.00000000E+00
00085  7.98663808E+10  9.99107322E-02 -3.05409500E+00 -8.71680219E-01  3.43400586E+00  6.64022013E+00  5.51702294E+00  1.63943276E+01  2.59224659E+00  6.91706398E-01  2.88174498E-01  3.54071441E-03  1.07361206E-03  1.00925231E-02  3.50300471E+02  6.64937330E+08  1.17756193E+12  8.79512408E-04  6.28976718E-13  0.00000000E+00  0.00000000E+00  0.00000000E+00  0.00000000E+00  0.00000000E+00  0.00000000E+00  0.00000000E+00  0.00000000E+00  0.00000000E+00
00086  8.17503812E+10  9.99086248E-02 -3.05390368E+00 -8.71663399E-01  3.43404528E+00  6.64029466E+00  5.51696625E+00  1.63942458E+01  2.59118133E+00  6.91545051E-01  2.88336178E-01  3.54070542E-03  1.07304374E-03  1.00926004E-02  3.50324517E+02  6.64590679E+08  1.17701845E+12  8.79900162E-04  6.31497376E-13  0.00000000E+00  0.00000000E+00  0.00000000E+00  0.00000000E+00  0.00000000E+00  0.00000000E+00  0.00000000E+00  0.00000000E+00  0.00000000E+00
00087  8.36343815E+10  9.99065174E-02 -3.05371140E+00 -8.71646510E-01  3.43408490E+00  6.64036956E+00  5.51690935E+00  1.63941638E+01  2.59011154E+00  6.91383068E-01  2.88497944E-01  3.54069452E-03  1.07347615E-03  1.00923894E-02  3.50348647E+02  6.64242652E+08  1.17647264E+12  8.80290615E-04  6.34041103E-13  0.00000000E+00  0.00000000E+00  0.00000000E+00  0.00000000E+00  0.00000000E+00  0.00000000E+00  0.00000000E+00  0.00000000E+00  0.00000000E+00
00088  8.49908618E+10  9.99050001E-02 -3.05357315E+00 -8.71634359E-01  3.43411339E+00  6.64042339E+00  5.51686842E+00  1.63941047E+01  2.58934252E+00  6.91266568E-01  2.88614522E-01  3.54074077E-03  1.07334972E-03  1.00923084E-02  3.50366012E+02  6.63992491E+08  1.17608034E+12  8.80570928E-04  6.35885071E-13  0.00000000E+00  0.00000000E+00  0.00000000E+00  0.00000000E+00  0.00000000E+00  0.00000000E+00  0.00000000E+00  0.00000000E+00  0.00000000E+00
00089  8.63473421E+10  9.99034827E-02 -3.05343461E+00 -8.71622175E-01  3.43414193E+00  6.64047737E+00  5.51682737E+00  1.63940456E+01  2.58857158E+00  6.91149819E-01  2.88731066E-01  3.54071369E-03  1.07345691E-03  1.00924501E-02  3.50383417E+02  6.63741927E+08  1.17568737E+12  8.80852393E-04  6.37726667E-13  0.00000000E+00  0.00000000E+00  0.00000000E+00  0.00000000E+00  0.00000000E+00  0.00000000E+00  0.00000000E+00  0.00000000E+00  0.00000000E+00
00090  8.77038223E+10  9.99019652E-02 -3.05329664E+00 -8.71610014E-01  3.43417034E+00  6.64053114E+00  5.51678642E+00  1.63939865E+01  2.58780322E+00  6.91033368E-01  2.88847674E-01  3.54062706E-03  1.07382454E-03  1.00920947E-02  3.50400796E+02  6.63492361E+08  1.17529608E+12  8.81132122E-04  6.39555011E-13  0.00000000E+00  0.00000000E+00  0.00000000E+00  0.00000000E+00  0.00000000E+00  0.00000000E+00  0.00000000E+00  0.00000000E+00  0.00000000E+00
00091  8.90603026E+10  9.99004477E-02 -3.05315846E+00 -8.71597852E-01  3.43419881E+00  6.64058502E+00  5.51674544E+00  1.63939275E+01  2.58703386E+00  6.90916759E-01  2.88964256E-01  3.54062271E-03  1.07384160E-03  1.00921029E-02  3.50418177E+02  6.63242557E+08  1.17490433E+12  8.81412913E-04  6.41407674E-13  0.00000000E+00  0.00000000E+00  0.00000000E+00  0.00000000E+00  0.00000000E+00  0.00000000E+00  0.00000000E+00  0.00000000E+00  0.00000000E+00
00092  9.04167829E+10  9.98989302E-02 -3.05301986E+00 -8.71585638E-01  3.43422735E+00  6.64063908E+00  5.51670431E+00  1.63938682E+01  2.58626205E+00  6.90799842E-01  2.89080942E-01  3.54085350E-03  1.07315148E-03  1.00928233E-02  3.50435621E+02  6.62992146E+08  1.17451160E+12  8.81694835E-04  6.43314534E-13  0.00000000E+00  0.00000000E+00  0.00000000E+00  0.00000000E+00  0.00000000E+00  0.00000000E+00  0.00000000E+00  0.00000000E+00  0.00000000E+00
00093  9.20445592E+10  9.98971091E-02 -3.05285315E+00 -8.71570940E-01  3.43426168E+00  6.64070406E+00  5.51665481E+00  1.63937968E+01  2.58533420E+00  6.90659325E-01  2.89220892E-01  3.54097666E-03  1.07365778E-03  1.00928563E-02  3.50456606E+02  6.62691105E+08  1.17403944E+12  8.82033839E-04  6.45586030E-13  0.00000000E+00  0.00000000E+00  0.00000000E+00  0.00000000E+00  0.00000000E+00  0.00000000E+00  0.00000000E+00  0.00000000E+00  0.00000000E+00
00094  9.39978908E+10  9.98949238E-02 -3.05265532E+00 -8.71553463E-01  3.43430240E+00  6.64078129E+00  5.51659597E+00  1.63937120E+01  2.58423105E+00  6.90491844E-01  2.89389167E-01  3.54136837E-03  1.07278584E-03  1.00926058E-02  3.50481594E+02  6.62333663E+08  1.17347907E+12  8.82435006E-04  6.48338790E-13  0.00000000E+00  0.00000000E+00  0.00000000E+00  0.00000000E+00  0.00000000E+00  0.00000000E+00  0.00000000E+00  0.00000000E+00  0.00000000E+00
00095  9.63418887E+10  9.98923012E-02 -3.05241735E+00 -8.71532466E-01  3.43435139E+00  6.64087431E+00  5.51652524E+00  1.63936100E+01  2.58290375E+00  6.90290393E-01  2.89590851E-01  3.54135113E-03  1.07285297E-03  1.00920352E-02  3.50511614E+02  6.61904076E+08  1.17280545E+12  8.82919377E-04  6.51580571E-13  0.00000000E+00  0.00000000E+00  0.00000000E+00  0.00000000E+00  0.00000000E+00  0.00000000E+00  0.00000000E+00  0.00000000E+00  0.00000000E+00
00096  9.91546861E+10  9.98891539E-02 -3.05213017E+00 -8.71507156E-01  3.43441053E+00  6.64098652E+00  5.51644002E+00  1.63934872E+01  2.58130387E+00  6.90047547E-01  2.89834008E-01  3.54090326E-03  1.07070427E-03  1.00944370E-02  3.50547778E+02  6.61386320E+08  1.17199328E+12  8.83504387E-04  6.55433667E-13  0.00000000E+00  0.00000000E+00  0.00000000E+00  0.00000000E+00  0.00000000E+00  0.00000000E+00  0.00000000E+00  0.00000000E+00  0.00000000E+00
00097  1.02530043E+11  9.98853770E-02 -3.05178676E+00 -8.71476753E-01  3.43448118E+00  6.64112089E+00  5.51633767E+00  1.63933396E+01  2.57938693E+00  6.89756528E-01  2.90124965E-01  3.54092906E-03  1.07152413E-03  1.00937963E-02  3.50591219E+02  6.60767307E+08  1.17102262E+12  8.84203701E-04  6.60181156E-13  0.00000000E+00  0.00000000E+00  0.00000000E+00  0.00000000E+00  0.00000000E+00  0.00000000E+00  0.00000000E+00  0.00000000E+00  0.00000000E+00
00098  1.06580471E+11  9.98808444E-02 -3.05137576E+00 -8.71440450E-01  3.43456578E+00  6.64128178E+00  5.51621544E+00  1.63931634E+01  2.57709389E+00  6.89407790E-01  2.90475299E-01  3.54090288E-03  1.06795032E-03  1.00951481E-02  3.50643137E+02  6.60027198E+08  1.16986186E+12  8.85041210E-04  6.65900064E-13  0.00000000E+00  0.00000000E+00  0.00000000E+00  0.00000000E+00  0.00000000E+00  0.00000000E+00  0.00000000E+00  0.00000000E+00  0.00000000E+00
00099  1.09496780E+11  9.98775807E-02 -3.05107919E+00 -8.71414131E-01  3.43462676E+00  6.64139806E+00  5.51612686E+00  1.63930357E+01  2.57543636E+00  6.89155904E-01  2.90727202E-01  3.54089650E-03  1.06794177E-03  1.00951470E-02  3.50680742E+02  6.59493563E+08  1.16902506E+12  8.85646750E-04  6.70066179E-13  0.00000000E+00  0.00000000E+00  0.00000000E+00  0.00000000E+00  0.00000000E+00  0.00000000E+00  0.00000000E+00  0.00000000E+00  0.00000000E+00
00100  1.12413088E+11  9.98743168E-02 -3.05078233E+00 -8.71387811E-01  3.43468782E+00  6.64151441E+00  5.51603827E+00  1.63929080E+01  2.57377860E+00  6.88903861E-01  2.90979264E-01  3.54073941E-03  1.06770922E-03  1.00954406E-02  3.50718353E+02  6.58959901E+08  1.16818805E+12  8.86252879E-04  6.74232622E-13  0.00000000E+00  0.00000000E+00  0.00000000E+00  0.00000000E+00  0.00000000E+00  0.00000000E+00  0.00000000E+00  0.00000000E+00  0.00000000E+00
