00000  0.00000000E+00  1.00000000E+01  3.74638180E+00  6.08585004E-01  4.39399244E+00  7.48100029E+00  3.90771035E+00  1.55427008E+01 -5.28370612E+00  6.99036716E-01  2.81392784E-01  1.50545251E-04  1.27939995E-02  1.21485979E-03  5.81627091E+03  3.48991142E+04  1.86592770E+07  3.02474910E+01  5.81607019E+03  8.16376305E-22  0.00000000E+00  1.97235114E-05  0.00000000E+00  0.00000000E+00  0.00000000E+00  0.00000000E+00  0.00000000E+00  0.00000000E+00
00001  1.58113883E+02  1.00000000E+01  3.75558136E+00  6.10258781E-01  4.39545545E+00  7.48156853E+00  3.90461224E+00  1.55404556E+01 -5.29284899E+00  6.99008410E-01  2.81421118E-01  1.50667791E-04  1.27939004E-02  1.21480961E-03  5.84999226E+03  3.40361997E+04  1.82681786E+07  3.02096834E+01  5.90180732E+03  8.50462968E-22  0.00000000E+00  1.99110800E-05  0.00000000E+00  0.00000000E+00  0.00000000E+00  0.00000000E+00  0.00000000E+00  0.00000000E+00
00002  3.16227766E+02  9.99999996E+00  3.75486356E+00  6.10183146E-01  4.39531381E+00  7.48156797E+00  3.90461930E+00  1.55404528E+01 -5.29284710E+00  6.98980345E-01  2.81449320E-01  1.51385184E-04  1.27931945E-02  1.21465989E-03  5.84846426E+03  3.40984391E+04  1.82983972E+07  3.02089188E+01  5.90397270E+03  8.52278186E-22  0.00000000E+00  1.99109732E-05  0.00000000E+00  0.00000000E+00  0.00000000E+00  0.00000000E+00  0.00000000E+00  0.00000000E+00
00003  5.05964426E+02  9.99999992E+00  3.75518919E+00  6.10218496E-01  4.39537755E+00  7.48157004E+00  3.90463230E+00  1.55404570E+01 -5.29284392E+00  6.98946734E-01  2.81483041E-01  1.51905417E-04  1.27927454E-02  1.21447953E-03  5.84917839E+03  3.40701087E+04  1.82846825E+07  3.02088426E+01  5.90610269E+03  8.53892645E-22  0.00000000E+00  1.99112658E-05  0.00000000E+00  0.00000000E+00  0.00000000E+00  0.00000000E+00  0.00000000E+00  0.00000000E+00
00004  7.33648417E+02  9.99999987E+00  3.75537092E+00  6.10238600E-01  4.39541293E+00  7.48157256E+00  3.90464742E+00  1.55404617E+01 -5.29284125E+00  6.98906515E-01  2.81523345E-01  1.52252357E-04  1.27925296E-02  1.21426353E-03  5.84958457E+03  3.40542782E+04  1.82770327E+07  3.02087536E+01  5.90767565E+03  8.55160138E-22  0.00000000E+00  1.99116431E-05  0.00000000E+00  0.00000000E+00  0.00000000E+00  0.00000000E+00  0.00000000E+00  0.00000000E+00
00005  1.00686921E+03  9.99999980E+00  3.75546780E+00  6.10249930E-01  4.39543148E+00  7.48157555E+00  3.90466508E+00  1.55404668E+01 -5.29283893E+00  6.98858424E-01  2.81571503E-01  1.52465908E-04  1.27925065E-02  1.21400518E-03  5.84981350E+03  3.40457938E+04  1.82729560E+07  3.02086229E+01  5.90876056E+03  8.56136293E-22  0.00000000E+00  1.99120916E-05  0.00000000E+00  0.00000000E+00  0.00000000E+00  0.00000000E+00  0.00000000E+00  0.00000000E+00
00006  1.33473415E+03  9.99999973E+00  3.75551946E+00  6.10256418E-01  4.39544115E+00  7.48157907E+00  3.90468585E+00  1.55404725E+01 -5.29283675E+00  6.98800963E-01  2.81629023E-01  1.52587201E-04  1.27926351E-02  1.21369651E-03  5.84994461E+03  3.40412350E+04  1.82707823E+07  3.02084341E+01  5.90946955E+03  8.56898766E-22  0.00000000E+00  1.99126112E-05  0.00000000E+00  0.00000000E+00  0.00000000E+00  0.00000000E+00  0.00000000E+00  0.00000000E+00
00007  1.72817209E+03  9.99999963E+00  3.75554665E+00  6.10260222E-01  4.39544605E+00  7.48158321E+00  3.90471042E+00  1.55404791E+01 -5.29283446E+00  6.98732354E-01  2.81697689E-01  1.52651556E-04  1.27928824E-02  1.21332810E-03  5.85002149E+03  3.40388053E+04  1.82696384E+07  3.02081732E+01  5.90993275E+03  8.57531919E-22  0.00000000E+00  1.99132076E-05  0.00000000E+00  0.00000000E+00  0.00000000E+00  0.00000000E+00  0.00000000E+00  0.00000000E+00
00008  2.20029762E+03  9.99999952E+00  3.75556024E+00  6.10262557E-01  4.39544828E+00  7.48158808E+00  3.90473956E+00  1.55404867E+01 -5.29283188E+00  6.98650496E-01  2.81779607E-01  1.52684932E-04  1.27932278E-02  1.21288883E-03  5.85006870E+03  3.40375564E+04  1.82690665E+07  3.02078189E+01  5.91027446E+03  8.58113677E-22  0.00000000E+00  1.99138859E-05  0.00000000E+00  0.00000000E+00  0.00000000E+00  0.00000000E+00  0.00000000E+00  0.00000000E+00
00009  2.76684825E+03  9.99999939E+00  3.75556593E+00  6.10264144E-01  4.39544891E+00  7.48159376E+00  3.90477407E+00  1.55404954E+01 -5.29282893E+00  6.98552910E-01  2.81877262E-01  1.52703837E-04  1.27936635E-02  1.21236567E-03  5.85010082E+03  3.40369848E+04  1.82688267E+07  3.02073333E+01  5.91059574E+03  8.58707478E-22  0.00000000E+00  1.99146440E-05  0.00000000E+00  0.00000000E+00  0.00000000E+00  0.00000000E+00  0.00000000E+00  0.00000000E+00
00010  3.44670900E+03  9.99999923E+00  3.75556659E+00  6.10265454E-01  4.39544842E+00  7.48160035E+00  3.90481477E+00  1.55405051E+01 -5.29282574E+00  6.98436680E-01  2.81993572E-01  1.52717420E-04  1.27941921E-02  1.21174339E-03  5.85012733E+03  3.40368291E+04  1.82687986E+07  3.02066537E+01  5.91096537E+03  8.59359940E-22  0.00000000E+00  1.99154674E-05  0.00000000E+00  0.00000000E+00  0.00000000E+00  0.00000000E+00  0.00000000E+00  0.00000000E+00
00011  4.26254191E+03  9.99999904E+00  3.75556350E+00  6.10266857E-01  4.39544694E+00  7.48160791E+00  3.90486247E+00  1.55405157E+01 -5.29282258E+00  6.98298388E-01  2.82131959E-01  1.52730133E-04  1.27948240E-02  1.21100425E-03  5.85015573E+03  3.40369601E+04  1.82689282E+07  3.02056854E+01  5.91141767E+03  8.60102528E-22  0.00000000E+00  1.99163241E-05  0.00000000E+00  0.00000000E+00  0.00000000E+00  0.00000000E+00  0.00000000E+00  0.00000000E+00
00012  5.24154140E+03  9.99999881E+00  3.75577705E+00  6.10231635E-01  4.39551794E+00  7.48167585E+00  3.90498761E+00  1.55408823E+01 -5.29245459E+00  6.98840412E-01  2.81584308E-01  1.32417705E-04  1.28028388E-02  1.22892779E-03  5.84944414E+03  3.40229857E+04  1.82599470E+07  3.02502121E+01  5.79363165E+03  7.85600557E-22  0.00000000E+00  1.99459109E-05  0.00000000E+00  0.00000000E+00  0.00000000E+00  0.00000000E+00  0.00000000E+00  0.00000000E+00
00013  6.41634078E+03  9.99999854E+00  3.75599856E+00  6.10194452E-01  4.39559191E+00  7.48176255E+00  3.90529626E+00  1.55412781E+01 -5.29203790E+00  6.98851508E-01  2.81571548E-01  1.31861450E-04  1.27924878E-02  1.24149911E-03  5.84869306E+03  3.40085466E+04  1.82506355E+07  3.02934962E+01  5.81845770E+03  7.89571128E-22  0.00000000E+00  1.99774085E-05  0.00000000E+00  0.00000000E+00  0.00000000E+00  0.00000000E+00  0.00000000E+00  0.00000000E+00
00014  7.82610005E+03  9.99999821E+00  3.75617058E+00  6.10161797E-01  4.39565124E+00  7.48183503E+00  3.90552813E+00  1.55415754E+01 -5.29176666E+00  6.98832076E-01  2.81589508E-01  1.32711460E-04  1.27801969E-02  1.25441253E-03  5.84803354E+03  3.39976327E+04  1.82434074E+07  3.03270648E+01  5.85493475E+03  7.99997056E-22  0.00000000E+00  2.00035839E-05  0.00000000E+00  0.00000000E+00  0.00000000E+00  0.00000000E+00  0.00000000E+00  0.00000000E+00
00015  9.51781116E+03  9.99999781E+00  3.75626928E+00  6.10132005E-01  4.39569082E+00  7.48188715E+00  3.90566335E+00  1.55417549E+01 -5.29165320E+00  6.98802903E-01  2.81617063E-01  1.33590952E-04  1.27668200E-02  1.26852776E-03  5.84743194E+03  3.39922357E+04  1.82392608E+07  3.03488230E+01  5.88475611E+03  8.09199586E-22  0.00000000E+00  2.00225148E-05  0.00000000E+00  0.00000000E+00  0.00000000E+00  0.00000000E+00  0.00000000E+00  0.00000000E+00
00016  1.15478645E+04  9.99999734E+00  3.75628042E+00  6.10102844E-01  4.39570818E+00  7.48191918E+00  3.90571242E+00  1.55418274E+01 -5.29167275E+00  6.98766415E-01  2.81651700E-01  1.34287619E-04  1.27522337E-02  1.28426899E-03  5.84684316E+03  3.39936434E+04  1.82387923E+07  3.03593782E+01  5.90476946E+03  8.15909083E-22  0.00000000E+00  2.00341941E-05  0.00000000E+00  0.00000000E+00  0.00000000E+00  0.00000000E+00  0.00000000E+00  0.00000000E+00
00017  1.39839285E+04  9.99999677E+00  3.75620715E+00  6.10073991E-01  4.39570429E+00  7.48193478E+00  3.90569947E+00  1.55418199E+01 -5.29178250E+00  6.98722602E-01  2.81693386E-01  1.34781312E-04  1.27361948E-02  1.30194087E-03  5.84626069E+03  3.40016342E+04  1.82418687E+07  3.03609459E+01  5.91564202E+03  8.20231145E-22  0.00000000E+00  2.00397757E-05  0.00000000E+00  0.00000000E+00  0.00000000E+00  0.00000000E+00  0.00000000E+00  0.00000000E+00
00018  1.69072053E+04  9.99999609E+00  3.75608281E+00  6.10048829E-01  4.39568579E+00  7.48194010E+00  3.90565564E+00  1.55417687E+01 -5.29193236E+00  6.98670719E-01  2.81742842E-01  1.35096192E-04  1.27184649E-02  1.32178381E-03  5.84575284E+03  3.40133356E+04  1.82470906E+07  3.03568361E+01  5.91943977E+03  8.22731533E-22  0.00000000E+00  2.00412998E-05  0.00000000E+00  0.00000000E+00  0.00000000E+00  0.00000000E+00  0.00000000E+00  0.00000000E+00
00019  2.04151375E+04  9.99999527E+00  3.75595630E+00  6.10032409E-01  4.39566237E+00  7.48194266E+00  3.90561275E+00  1.55417122E+01 -5.29207582E+00  6.98609616E-01  2.81801198E-01  1.35265125E-04  1.26988491E-02  1.34397659E-03  5.84542156E+03  3.40245266E+04  1.82524056E+07  3.03508660E+01  5.91874086E+03  8.24139724E-22  0.00000000E+00  2.00413691E-05  0.00000000E+00  0.00000000E+00  0.00000000E+00  0.00000000E+00  0.00000000E+00  0.00000000E+00
00020  2.46246561E+04  9.99999428E+00  3.75587634E+00  6.10028196E-01  4.39564448E+00  7.48195002E+00  3.90559671E+00  1.55416833E+01 -5.29218030E+00  6.98537813E-01  2.81869930E-01  1.35319225E-04  1.26772216E-02  1.36862160E-03  5.84533678E+03  3.40311145E+04  1.82557643E+07  3.03466388E+01  5.91607963E+03  8.25180086E-22  0.00000000E+00  2.00426927E-05  0.00000000E+00  0.00000000E+00  0.00000000E+00  0.00000000E+00  0.00000000E+00  0.00000000E+00
00021  2.96760784E+04  9.99999310E+00  3.75586831E+00  6.10034995E-01  4.39563908E+00  7.48196810E+00  3.90562220E+00  1.55417021E+01 -5.29223355E+00  6.98453485E-01  2.81950864E-01  1.35284751E-04  1.26535463E-02  1.39572508E-03  5.84547440E+03  3.40312032E+04  1.82560999E+07  3.03467280E+01  5.91345681E+03  8.26430763E-22  0.00000000E+00  2.00474708E-05  0.00000000E+00  0.00000000E+00  0.00000000E+00  0.00000000E+00  0.00000000E+00  0.00000000E+00
00022  3.57377852E+04  9.99999169E+00  3.75592819E+00  6.10047665E-01  4.39564771E+00  7.48199986E+00  3.90569107E+00  1.55417733E+01 -5.29224298E+00  6.98354423E-01  2.82046227E-01  1.35182561E-04  1.26278937E-02  1.42517858E-03  5.84573061E+03  3.40255092E+04  1.82535804E+07  3.03521407E+01  5.91202553E+03  8.28233272E-22  0.00000000E+00  2.00568857E-05  0.00000000E+00  0.00000000E+00  0.00000000E+00  0.00000000E+00  0.00000000E+00  0.00000000E+00
00023  4.30118334E+04  9.99998999E+00  3.75603165E+00  6.10060507E-01  4.39566716E+00  7.48204517E+00  3.90579541E+00  1.55418883E+01 -5.29222789E+00  6.98237961E-01  2.82158718E-01  1.35028700E-04  1.26004526E-02  1.45674491E-03  5.84599041E+03  3.40163870E+04  1.82492294E+07  3.03623251E+01  5.91207298E+03  8.30684144E-22  0.00000000E+00  2.00709550E-05  0.00000000E+00  0.00000000E+00  0.00000000E+00  0.00000000E+00  0.00000000E+00  0.00000000E+00
00024  5.17406911E+04  9.99998795E+00  3.75615418E+00  6.10071265E-01  4.39569241E+00  7.48210179E+00  3.90592352E+00  1.55420326E+01 -5.29220939E+00  6.98100893E-01  2.82291591E-01  1.34835700E-04  1.25715361E-02  1.49004972E-03  5.84620824E+03  3.40059343E+04  1.82440773E+07  3.03757539E+01  5.91332718E+03  8.33717906E-22  0.00000000E+00  2.00888643E-05  0.00000000E+00  0.00000000E+00  0.00000000E+00  0.00000000E+00  0.00000000E+00  0.00000000E+00
00025  6.22153205E+04  9.99998550E+00  3.75628512E+00  6.10082241E-01  4.39571966E+00  7.48216700E+00  3.90606495E+00  1.55421919E+01 -5.29220430E+00  6.97939364E-01  2.82448767E-01  1.34614139E-04  1.25415820E-02  1.52457835E-03  5.84643059E+03  3.39948076E+04  1.82385733E+07  3.03906682E+01  5.91537715E+03  8.37223033E-22  0.00000000E+00  2.01095297E-05  0.00000000E+00  0.00000000E+00  0.00000000E+00  0.00000000E+00  0.00000000E+00  0.00000000E+00
00026  7.47848757E+04  9.99998256E+00  3.75642719E+00  6.10098709E-01  4.39574694E+00  7.48223854E+00  3.90621217E+00  1.55423550E+01 -5.29222489E+00  6.97748734E-01  2.82634969E-01  1.34373969E-04  1.25111500E-02  1.55967810E-03  5.84676399E+03  3.39823805E+04  1.82326027E+07  3.04055078E+01  5.91794394E+03  8.41119377E-22  0.00000000E+00  2.01319917E-05  0.00000000E+00  0.00000000E+00  0.00000000E+00  0.00000000E+00  0.00000000E+00  0.00000000E+00
00027  8.98683419E+04  9.99997903E+00  3.75658937E+00  6.10126895E-01  4.39577339E+00  7.48231481E+00  3.90635952E+00  1.55425130E+01 -5.29228189E+00  6.97523414E-01  2.82855886E-01  1.34125261E-04  1.24809105E-02  1.59456912E-03  5.84733423E+03  3.39674641E+04  1.82257889E+07  3.04189349E+01  5.92093008E+03  8.45375153E-22  0.00000000E+00  2.01555061E-05  0.00000000E+00  0.00000000E+00  0.00000000E+00  0.00000000E+00  0.00000000E+00  0.00000000E+00
00028  1.07968501E+05  9.99997479E+00  3.75678132E+00  6.10173020E-01  4.39579832E+00  7.48239465E+00  3.90650178E+00  1.55426576E+01 -5.29238723E+00  6.97256663E-01  2.83118370E-01  1.33878384E-04  1.24516191E-02  1.62837410E-03  5.84826708E+03  3.39488193E+04  1.82177272E+07  3.04296750E+01  5.92435261E+03  8.49992906E-22  0.00000000E+00  2.01794610E-05  0.00000000E+00  0.00000000E+00  0.00000000E+00  0.00000000E+00  0.00000000E+00  0.00000000E+00
00029  1.29688693E+05  9.99996970E+00  3.75701196E+00  6.10243298E-01  4.39582084E+00  7.48247713E+00  3.90663357E+00  1.55427800E+01 -5.29255489E+00  6.96940332E-01  2.83430687E-01  1.33643654E-04  1.24240651E-02  1.66017740E-03  5.84968831E+03  3.39252703E+04  1.82080457E+07  3.04364106E+01  5.92827653E+03  8.54995459E-22  0.00000000E+00  2.02033111E-05  0.00000000E+00  0.00000000E+00  0.00000000E+00  0.00000000E+00  0.00000000E+00  0.00000000E+00
00030  1.55752922E+05  9.99996359E+00  3.75729018E+00  6.10344202E-01  4.39583994E+00  7.48256163E+00  3.90674956E+00  1.55428714E+01 -5.29280074E+00  6.96564549E-01  2.83802817E-01  1.33430638E-04  1.23989922E-02  1.68911621E-03  5.85172912E+03  3.38956260E+04  1.81963737E+07  3.04377817E+01  5.93279091E+03  8.60427210E-22  0.00000000E+00  2.02266187E-05  0.00000000E+00  0.00000000E+00  0.00000000E+00  0.00000000E+00  0.00000000E+00  0.00000000E+00
00031  1.87029998E+05  9.99995624E+00  3.75762591E+00  6.10482621E-01  4.39585466E+00  7.48264805E+00  3.90684512E+00  1.55429235E+01 -5.29314215E+00  6.96117335E-01  2.84246829E-01  1.33247311E-04  1.23770061E-02  1.71448752E-03  5.85452955E+03  3.38585905E+04  1.81822992E+07  3.04324432E+01  5.93801076E+03  8.66364903E-22  0.00000000E+00  2.02490477E-05  0.00000000E+00  0.00000000E+00  0.00000000E+00  0.00000000E+00  0.00000000E+00  0.00000000E+00
00032  2.24562489E+05  9.99994742E+00  3.75803077E+00  6.10665941E-01  4.39586422E+00  7.48273699E+00  3.90691677E+00  1.55429294E+01 -5.29359780E+00  6.95584142E-01  2.84777329E-01  1.33099327E-04  1.23584991E-02  1.73583570E-03  5.85824019E+03  3.38127065E+04  1.81653413E+07  3.04191243E+01  5.94408534E+03  8.72928322E-22  0.00000000E+00  2.02704044E-05  0.00000000E+00  0.00000000E+00  0.00000000E+00  0.00000000E+00  0.00000000E+00  0.00000000E+00
00033  2.69601478E+05  9.99993681E+00  3.75851853E+00  6.10902265E-01  4.39586800E+00  7.48282988E+00  3.90696226E+00  1.55428829E+01 -5.29418815E+00  6.94947301E-01  2.85412008E-01  1.32989878E-04  1.23436251E-02  1.75298057E-03  5.86302694E+03  3.37563070E+04  1.81449318E+07  3.03966051E+01  5.95120813E+03  8.80293027E-22  0.00000000E+00  2.02907910E-05  0.00000000E+00  0.00000000E+00  0.00000000E+00  0.00000000E+00  0.00000000E+00  0.00000000E+00
00034  3.23648264E+05  9.99992406E+00  3.75910571E+00  6.11200783E-01  4.39586553E+00  7.48292893E+00  3.90698037E+00  1.55427789E+01 -5.29493634E+00  6.94185385E-01  2.86172290E-01  1.32920282E-04  1.23323476E-02  1.76596194E-03  5.86907885E+03  3.36874488E+04  1.81203928E+07  3.03636450E+01  5.95962145E+03  8.88694978E-22  0.00000000E+00  2.03106313E-05  0.00000000E+00  0.00000000E+00  0.00000000E+00  0.00000000E+00  0.00000000E+00  0.00000000E+00
00035  3.88504408E+05  9.99990872E+00  3.75981213E+00  6.11572435E-01  4.39585631E+00  7.48303701E+00  3.90697016E+00  1.55426117E+01 -5.29586984E+00  6.93272416E-01  2.87084136E-01  1.32891171E-04  1.23245517E-02  1.77491037E-03  5.87662199E+03  3.36038247E+04  1.80909142E+07  3.03188266E+01  5.96962450E+03  8.98431548E-22  0.00000000E+00  2.03234907E-05  0.00000000E+00  0.00000000E+00  0.00000000E+00  0.00000000E+00  0.00000000E+00  0.00000000E+00
00036  4.66331781E+05  9.99989025E+00  3.76066178E+00  6.12030680E-01  4.39583960E+00  7.48315745E+00  3.90693011E+00  1.55423739E+01 -5.29702232E+00  6.92176880E-01  2.88179052E-01  1.32903995E-04  1.23201832E-02  1.77988583E-03  5.88593584E+03  3.35026540E+04  1.80555226E+07  3.02603511E+01  5.98157914E+03  9.09869909E-22  0.00000000E+00  2.03435853E-05  0.00000000E+00  0.00000000E+00  0.00000000E+00  0.00000000E+00  0.00000000E+00  0.00000000E+00
00037  5.59724628E+05  9.99986801E+00  3.76168373E+00  6.12592352E-01  4.39581425E+00  7.48329399E+00  3.90685749E+00  1.55420551E+01 -5.29843569E+00  6.90860457E-01  2.89495379E-01  1.32962241E-04  1.23193682E-02  1.78073956E-03  5.89737187E+03  3.33805633E+04  1.80130456E+07  3.01858520E+01  5.99592098E+03  9.23455714E-22  0.00000000E+00  2.03645114E-05  0.00000000E+00  0.00000000E+00  0.00000000E+00  0.00000000E+00  0.00000000E+00  0.00000000E+00
00038  6.71796045E+05  9.99984120E+00  3.76291332E+00  6.13278559E-01  4.39577855E+00  7.48345075E+00  3.90674792E+00  1.55416414E+01 -5.30016219E+00  6.89276377E-01  2.91079938E-01  1.33072135E-04  1.23224716E-02  1.77704627E-03  5.91137360E+03  3.32334579E+04  1.79620703E+07  3.00922278E+01  6.01317538E+03  9.39737688E-22  0.00000000E+00  2.03866764E-05  0.00000000E+00  0.00000000E+00  0.00000000E+00  0.00000000E+00  0.00000000E+00  0.00000000E+00
00039  8.06281745E+05  9.99980886E+00  3.76439367E+00  6.14115521E-01  4.39573015E+00  7.48363259E+00  3.90659564E+00  1.55411150E+01 -5.30226605E+00  6.87367354E-01  2.92990102E-01  1.33242396E-04  1.23300626E-02  1.76814382E-03  5.92849630E+03  3.30563895E+04  1.79008908E+07  2.99755535E+01  6.03397987E+03  9.59406849E-22  0.00000000E+00  2.04104894E-05  0.00000000E+00  0.00000000E+00  0.00000000E+00  0.00000000E+00  0.00000000E+00  0.00000000E+00
00040  9.67664585E+05  9.99976980E+00  3.76617751E+00  6.15135364E-01  4.39566619E+00  7.48384569E+00  3.90639445E+00  1.55404548E+01 -5.30482499E+00  6.85063185E-01  2.95296162E-01  1.33482662E-04  1.23427354E-02  1.75334032E-03  5.94942735E+03  3.28434176E+04  1.78274451E+07  2.98310898E+01  6.05911571E+03  9.83365526E-22  0.00000000E+00  2.04365194E-05  0.00000000E+00  0.00000000E+00  0.00000000E+00  0.00000000E+00  0.00000000E+00  0.00000000E+00
00041  1.16132399E+06  9.99972256E+00  3.76832979E+00  6.16376566E-01  4.39558366E+00  7.48409855E+00  3.90613976E+00  1.55396394E+01 -5.30793032E+00  6.82278622E-01  2.98083392E-01  1.33799231E-04  1.23606663E-02  1.73242579E-03  5.97500118E+03  3.25874782E+04  1.77392304E+07  2.96534937E+01  6.08955030E+03  1.01283414E-21  0.00000000E+00  2.04665135E-05  0.00000000E+00  0.00000000E+00  0.00000000E+00  0.00000000E+00  0.00000000E+00  0.00000000E+00
00042  1.39371528E+06  9.99966533E+00  3.77093069E+00  6.17885160E-01  4.39547959E+00  7.48440281E+00  3.90582963E+00  1.55386474E+01 -5.31168917E+00  6.78910757E-01  3.01454641E-01  1.34193546E-04  1.23834362E-02  1.70587730E-03  6.00623233E+03  3.22802057E+04  1.76332105E+07  2.94368371E+01  6.12649817E+03  1.04947402E-21  0.00000000E+00  2.05021710E-05  0.00000000E+00  0.00000000E+00  0.00000000E+00  0.00000000E+00  0.00000000E+00  0.00000000E+00
00043  1.67258483E+06  9.99959587E+00  3.77407864E+00  6.19719658E-01  4.39534933E+00  7.48477230E+00  3.90546018E+00  1.55374502E+01 -5.31623619E+00  6.74831873E-01  3.05537613E-01  1.34671613E-04  1.24109358E-02  1.67381170E-03  6.04443042E+03  3.19115434E+04  1.75057380E+07  2.91733513E+01  6.17149691E+03  1.09551107E-21  0.00000000E+00  2.05451736E-05  0.00000000E+00  0.00000000E+00  0.00000000E+00  0.00000000E+00  0.00000000E+00  0.00000000E+00
00044  2.00722829E+06  9.99951134E+00  3.77789558E+00  6.21955313E-01  4.39518574E+00  7.48522354E+00  3.90502504E+00  1.55360088E+01 -5.32174182E+00  6.69881657E-01  3.10492666E-01  1.35245249E-04  1.24434565E-02  1.63588035E-03  6.09130999E+03  3.14693572E+04  1.73524104E+07  2.88527305E+01  6.22649101E+03  1.15400270E-21  0.00000000E+00  2.05992382E-05  0.00000000E+00  0.00000000E+00  0.00000000E+00  0.00000000E+00  0.00000000E+00  0.00000000E+00
00045  2.40880044E+06  9.99940817E+00  3.78253377E+00  6.24689073E-01  4.39497840E+00  7.48577749E+00  3.90451752E+00  1.55342745E+01 -5.32842052E+00  6.63856020E-01  3.16523972E-01  1.35931399E-04  1.24815402E-02  1.59144129E-03  6.14912869E+03  3.09390491E+04  1.71678987E+07  2.84615865E+01  6.29396858E+03  1.22931092E-21  0.00000000E+00  2.06658672E-05  0.00000000E+00  0.00000000E+00  0.00000000E+00  0.00000000E+00  0.00000000E+00  0.00000000E+00
00046  2.89068701E+06  9.99928177E+00  3.78818429E+00  6.28048891E-01  4.39471112E+00  7.48646113E+00  3.90393144E+00  1.55321840E+01 -5.33654781E+00  6.56486897E-01  3.23899703E-01  1.36752186E-04  1.25258847E-02  1.53966757E-03  6.22094060E+03  3.03030012E+04  1.69457632E+07  2.79821627E+01  6.37715742E+03  1.32787533E-21  0.00000000E+00  2.07501149E-05  0.00000000E+00  0.00000000E+00  0.00000000E+00  0.00000000E+00  0.00000000E+00  0.00000000E+00
00047  3.46895091E+06  9.99912617E+00  3.79510311E+00  6.32215317E-01  4.39435762E+00  7.48731242E+00  3.90328207E+00  1.55296682E+01 -5.34646069E+00  6.47393062E-01  3.33001227E-01  1.37738021E-04  1.25774049E-02  1.47947294E-03  6.31115827E+03  2.95383941E+04  1.66776768E+07  2.73896959E+01  6.48051823E+03  1.45993039E-21  0.00000000E+00  2.08553412E-05  0.00000000E+00  0.00000000E+00  0.00000000E+00  0.00000000E+00  0.00000000E+00  0.00000000E+00
00048  4.16286758E+06  9.99893346E+00  3.80359875E+00  6.37427180E-01  4.39387559E+00  7.48838221E+00  3.90257927E+00  1.55266221E+01 -5.35863934E+00  6.36064980E-01  3.44338221E-01  1.38926633E-04  1.26370131E-02  1.40976447E-03  6.42585694E+03  2.86195388E+04  1.63542841E+07  2.66503041E+01  6.60972049E+03  1.64180977E-21  0.00000000E+00  2.09873581E-05  0.00000000E+00  0.00000000E+00  0.00000000E+00  0.00000000E+00  0.00000000E+00  0.00000000E+00
00049  4.92445018E+06  9.99871425E+00  3.81316969E+00  6.43386692E-01  4.39328858E+00  7.48961056E+00  3.90187978E+00  1.55232599E+01 -5.37231086E+00  6.23260007E-01  3.57152486E-01  1.40227561E-04  1.26990201E-02  1.33716475E-03  6.55956560E+03  2.76129711E+04  1.59974616E+07  2.58143090E+01  6.75825847E+03  1.87436094E-21  0.00000000E+00  2.11342966E-05  0.00000000E+00  0.00000000E+00  0.00000000E+00  0.00000000E+00  0.00000000E+00  0.00000000E+00
00050  5.66256585E+06  9.99849405E+00  3.82268602E+00  6.49416376E-01  4.39265281E+00  7.49085676E+00  3.90128194E+00  1.55199819E+01 -5.38587036E+00  6.10457993E-01  3.69963074E-01  1.41490970E-04  1.27560900E-02  1.27025745E-03  6.69767992E+03  2.66408453E+04  1.56503909E+07  2.49794760E+01  6.90922154E+03  2.13920939E-21  0.00000000E+00  2.12940018E-05  0.00000000E+00  0.00000000E+00  0.00000000E+00  0.00000000E+00  0.00000000E+00  0.00000000E+00
00051  6.37650021E+06  9.99827330E+00  3.83211475E+00  6.55533952E-01  4.39195121E+00  7.49212437E+00  3.90080674E+00  1.55167785E+01 -5.39934326E+00  5.97561336E-01  3.82867705E-01  1.42727612E-04  1.28090268E-02  1.20810940E-03  6.84077879E+03  2.57029230E+04  1.53139374E+07  2.41403047E+01  7.06213195E+03  2.44225844E-21  0.00000000E+00  2.14554291E-05  0.00000000E+00  0.00000000E+00  0.00000000E+00  0.00000000E+00  0.00000000E+00  0.00000000E+00
00052  7.06344463E+06  9.99805320E+00  3.84140844E+00  6.61701669E-01  4.39119077E+00  7.49340425E+00  3.90045095E+00  1.55136694E+01 -5.41264194E+00  5.84675127E-01  3.95761278E-01  1.43930476E-04  1.28577664E-02  1.15080322E-03  6.98814492E+03  2.48028726E+04  1.49893780E+07  2.33052244E+01  7.21611115E+03  2.78665873E-21  0.00000000E+00  2.16180811E-05  0.00000000E+00  0.00000000E+00  0.00000000E+00  0.00000000E+00  0.00000000E+00  0.00000000E+00
00053  7.72532541E+06  9.99783348E+00  3.85058701E+00  6.67902733E-01  4.39038488E+00  7.49469183E+00  3.90019654E+00  1.55106639E+01 -5.42573321E+00  5.71894365E-01  4.08548796E-01  1.45096986E-04  1.29023387E-02  1.09830804E-03  7.13950777E+03  2.39388490E+04  1.46755878E+07  2.24820783E+01  7.37138351E+03  3.17639103E-21  0.00000000E+00  2.17841707E-05  0.00000000E+00  0.00000000E+00  0.00000000E+00  0.00000000E+00  0.00000000E+00  0.00000000E+00
00054  8.36607071E+06  9.99761310E+00  3.85971155E+00  6.74183458E-01  4.38952566E+00  7.49599572E+00  3.90007040E+00  1.55077645E+01 -5.43864529E+00  5.59123243E-01  4.21326168E-01  1.46239205E-04  1.29434180E-02  1.04983734E-03  7.29615657E+03  2.31035571E+04  1.43701528E+07  2.16665681E+01  7.52901915E+03  3.62064656E-21  0.00000000E+00  2.19433271E-05  0.00000000E+00  0.00000000E+00  0.00000000E+00  0.00000000E+00  0.00000000E+00  0.00000000E+00
00055  8.98535001E+06  9.99739240E+00  3.86873946E+00  6.80564936E-01  4.38859189E+00  7.49732170E+00  3.90008457E+00  1.55049447E+01 -5.45145247E+00  5.46235411E-01  4.34219839E-01  1.47367793E-04  1.29816550E-02  1.00463309E-03  7.45883767E+03  2.22971977E+04  1.40742055E+07  2.08507942E+01  7.68833554E+03  4.13024765E-21  0.00000000E+00  2.21108651E-05  0.00000000E+00  0.00000000E+00  0.00000000E+00  0.00000000E+00  0.00000000E+00  0.00000000E+00
00056  9.57985483E+06  9.99717294E+00  3.87761218E+00  6.86973773E-01  4.38760565E+00  7.49865295E+00  3.90020970E+00  1.55022308E+01 -5.46402621E+00  5.33448613E-01  4.47012006E-01  1.48467824E-04  1.30166770E-02  9.63141249E-04  7.62586615E+03  2.15253225E+04  1.37892816E+07  2.00496096E+01  7.84809801E+03  4.70720007E-21  0.00000000E+00  2.22799387E-05  0.00000000E+00  0.00000000E+00  0.00000000E+00  0.00000000E+00  0.00000000E+00  0.00000000E+00
00057  1.01538932E+07  9.99695347E+00  3.88638377E+00  6.93433442E-01  4.38656872E+00  7.49999333E+00  3.90043475E+00  1.54996128E+01 -5.47641351E+00  5.20749679E-01  4.59715888E-01  1.49545312E-04  1.30487996E-02  9.24993041E-04  7.79800391E+03  2.07825739E+04  1.35132717E+07  1.92630503E+01  8.00922954E+03  5.36211835E-21  0.00000000E+00  2.24511831E-05  0.00000000E+00  0.00000000E+00  0.00000000E+00  0.00000000E+00  0.00000000E+00  0.00000000E+00
00058  1.07094199E+07  9.99673349E+00  3.89506778E+00  6.99970802E-01  4.38547104E+00  7.50134904E+00  3.90077017E+00  1.54970797E+01 -5.48866327E+00  5.08059969E-01  4.72410189E-01  1.50608767E-04  1.30784532E-02  8.89685276E-04  7.97616752E+03  2.00659099E+04  1.32454571E+07  1.84869953E+01  8.17199702E+03  6.10941405E-21  0.00000000E+00  2.26136404E-05  0.00000000E+00  0.00000000E+00  0.00000000E+00  0.00000000E+00  0.00000000E+00  0.00000000E+00
00059  1.12456919E+07  9.99651358E+00  3.90362795E+00  7.06604417E-01  4.38429428E+00  7.50272669E+00  3.90124675E+00  1.54946247E+01 -5.50080620E+00  4.95262333E-01  4.85212124E-01  1.51666848E-04  1.31060844E-02  8.56696066E-04  8.16111440E+03  1.93751897E+04  1.29866526E+07  1.77152341E+01  8.33572750E+03  6.96731759E-21  0.00000000E+00  2.27887490E-05  0.00000000E+00  0.00000000E+00  0.00000000E+00  0.00000000E+00  0.00000000E+00  0.00000000E+00
00060  1.17599125E+07  9.99629527E+00  3.91203764E+00  7.13256869E-01  4.38307047E+00  7.50410666E+00  3.90184565E+00  1.54923002E+01 -5.51264388E+00  4.82620912E-01  4.97857497E-01  1.52702150E-04  1.31313242E-02  8.26470156E-04  8.35089236E+03  1.87139236E+04  1.27373197E+07  1.69649441E+01  8.49963852E+03  7.93748177E-21  0.00000000E+00  2.29731186E-05  0.00000000E+00  0.00000000E+00  0.00000000E+00  0.00000000E+00  0.00000000E+00  0.00000000E+00
00061  1.22573042E+07  9.99607665E+00  3.92037328E+00  7.19981030E-01  4.38179230E+00  7.50549914E+00  3.90256849E+00  1.54900914E+01 -5.52426086E+00  4.70055348E-01  5.10426717E-01  1.53725279E-04  1.31545324E-02  7.98582272E-04  8.54720021E+03  1.80753224E+04  1.24949036E+07  1.62315676E+01  8.66522808E+03  9.04264089E-21  0.00000000E+00  2.31686303E-05  0.00000000E+00  0.00000000E+00  0.00000000E+00  0.00000000E+00  0.00000000E+00  0.00000000E+00
00062  1.27386427E+07  9.99585762E+00  3.92861571E+00  7.26787738E-01  4.38044956E+00  7.50690832E+00  3.90340996E+00  1.54879746E+01 -5.53572688E+00  4.57502430E-01  5.22983039E-01  1.54742575E-04  1.31759864E-02  7.72707045E-04  8.75061743E+03  1.74589403E+04  1.22597316E+07  1.55114562E+01  8.83213485E+03  1.03064043E-20  0.00000000E+00  2.33569907E-05  0.00000000E+00  0.00000000E+00  0.00000000E+00  0.00000000E+00  0.00000000E+00  0.00000000E+00
00063  1.32030929E+07  9.99563884E+00  3.93672712E+00  7.33690174E-01  4.37902619E+00  7.50834124E+00  3.90440402E+00  1.54859489E+01 -5.54706176E+00  4.44856385E-01  5.35632281E-01  1.55761207E-04  1.31959916E-02  7.48485743E-04  8.96183830E+03  1.68649487E+04  1.20326157E+07  1.47995838E+01  8.99957739E+03  1.17607343E-20  0.00000000E+00  2.35581749E-05  0.00000000E+00  0.00000000E+00  0.00000000E+00  0.00000000E+00  0.00000000E+00  0.00000000E+00
00064  1.36483137E+07  9.99542181E+00  3.94467122E+00  7.40602132E-01  4.37755623E+00  7.50977538E+00  3.90550284E+00  1.54840429E+01 -5.55811312E+00  4.32387728E-01  5.48103883E-01  1.56763530E-04  1.32142646E-02  7.26265903E-04  9.17845864E+03  1.62970918E+04  1.18142600E+07  1.41111825E+01  9.16649772E+03  1.34077456E-20  0.00000000E+00  2.37599062E-05  0.00000000E+00  0.00000000E+00  0.00000000E+00  0.00000000E+00  0.00000000E+00  0.00000000E+00
00065  1.40791327E+07  9.99520451E+00  3.95252268E+00  7.47582975E-01  4.37602868E+00  7.51122291E+00  3.90671162E+00  1.54822412E+01 -5.56897558E+00  4.20001848E-01  5.60492498E-01  1.57760850E-04  1.32310863E-02  7.05711364E-04  9.40255194E+03  1.57492154E+04  1.16023408E+07  1.34408643E+01  9.33446266E+03  1.52890353E-20  0.00000000E+00  2.39664987E-05  0.00000000E+00  0.00000000E+00  0.00000000E+00  0.00000000E+00  0.00000000E+00  0.00000000E+00
00066  1.44958526E+07  9.99498701E+00  3.96028346E+00  7.54648445E-01  4.37443614E+00  7.51268835E+00  3.90805950E+00  1.54805567E+01 -5.57963182E+00  4.07649966E-01  5.72846935E-01  1.58757876E-04  1.32466400E-02  6.86606336E-04  9.63493240E+03  1.52199692E+04  1.13966022E+07  1.27866856E+01  9.50350693E+03  1.74467199E-20  0.00000000E+00  2.41628233E-05  0.00000000E+00  0.00000000E+00  0.00000000E+00  0.00000000E+00  0.00000000E+00  0.00000000E+00
00067  1.48979857E+07  9.99476984E+00  3.96793163E+00  7.61819433E-01  4.37276269E+00  7.51418084E+00  3.90959629E+00  1.54790020E+01 -5.59007771E+00  3.95222052E-01  5.85277258E-01  1.59762166E-04  1.32611560E-02  6.68677526E-04  9.87665472E+03  1.47087491E+04  1.11974151E+07  1.21441130E+01  9.67314932E+03  1.99407007E-20  0.00000000E+00  2.43742865E-05  0.00000000E+00  0.00000000E+00  0.00000000E+00  0.00000000E+00  0.00000000E+00  0.00000000E+00
00068  1.52835506E+07  9.99455446E+00  3.97541445E+00  7.69003715E-01  4.37104125E+00  7.51567745E+00  3.91124511E+00  1.54775742E+01 -5.60023594E+00  3.82965757E-01  5.97535782E-01  1.60757307E-04  1.32744465E-02  6.52161541E-04  1.01249054E+04  1.42196831E+04  1.10059009E+07  1.15248568E+01  9.84191363E+03  2.27800048E-20  0.00000000E+00  2.45868058E-05  0.00000000E+00  0.00000000E+00  0.00000000E+00  0.00000000E+00  0.00000000E+00  0.00000000E+00
00069  1.56565673E+07  9.99433894E+00  3.98280022E+00  7.76257094E-01  4.36926100E+00  7.51718922E+00  3.91301181E+00  1.54762634E+01 -5.61018386E+00  3.70806153E-01  6.09697468E-01  1.61752904E-04  1.32866928E-02  6.36838310E-04  1.03818733E+04  1.37477632E+04  1.08200799E+07  1.09247102E+01  1.00113192E+04  2.60375691E-20  0.00000000E+00  2.47921878E-05  0.00000000E+00  0.00000000E+00  0.00000000E+00  0.00000000E+00  0.00000000E+00  0.00000000E+00
00070  1.60173037E+07  9.99412339E+00  3.99008112E+00  7.83586062E-01  4.36741675E+00  7.51872007E+00  3.91491000E+00  1.54750722E+01 -5.61992959E+00  3.58707030E-01  6.21798542E-01  1.62753215E-04  1.32980168E-02  6.22562812E-04  1.06481426E+04  1.32924012E+04  1.06399650E+07  1.03421060E+01  1.01811678E+04  2.97885142E-20  0.00000000E+00  2.50149345E-05  0.00000000E+00  0.00000000E+00  0.00000000E+00  0.00000000E+00  0.00000000E+00  0.00000000E+00
00071  1.63655538E+07  9.99390819E+00  3.99723190E+00  7.91006294E-01  4.36549432E+00  7.52028001E+00  3.91697813E+00  1.54740041E+01 -5.62949764E+00  3.46562490E-01  6.33944930E-01  1.63766161E-04  1.33085864E-02  6.09132748E-04  1.09246840E+04  1.28532729E+04  1.04659841E+07  9.77287648E+00  1.03508486E+04  3.41430714E-20  0.00000000E+00  2.52418650E-05  0.00000000E+00  0.00000000E+00  0.00000000E+00  0.00000000E+00  0.00000000E+00  0.00000000E+00
00072  1.66997541E+07  9.99369468E+00  4.00423930E+00  7.98462171E-01  4.36351824E+00  7.52185281E+00  3.91920518E+00  1.54730990E+01 -5.63872819E+00  3.34548814E-01  6.45960334E-01  1.64779346E-04  1.33183182E-02  5.96659737E-04  1.12097864E+04  1.24317392E+04  1.02982490E+07  9.22509001E+00  1.05197659E+04  3.91497401E-20  0.00000000E+00  2.54720894E-05  0.00000000E+00  0.00000000E+00  0.00000000E+00  0.00000000E+00  0.00000000E+00  0.00000000E+00
00073  1.70225455E+07  9.99348148E+00  4.01115341E+00  8.05985063E-01  4.36148532E+00  7.52344316E+00  3.92158494E+00  1.54723551E+01 -5.64765531E+00  3.22659953E-01  6.57850815E-01  1.65795995E-04  1.33272871E-02  5.85054122E-04  1.15049917E+04  1.20247584E+04  1.01353795E+07  8.69771814E+00  1.06890528E+04  4.49249943E-20  0.00000000E+00  2.56955036E-05  0.00000000E+00  0.00000000E+00  0.00000000E+00  0.00000000E+00  0.00000000E+00  0.00000000E+00
00074  1.73350072E+07  9.99326813E+00  4.01797005E+00  8.13587984E-01  4.35938802E+00  7.52505824E+00  3.92411199E+00  1.54717543E+01 -5.65635627E+00  3.10841931E-01  6.69670366E-01  1.66822712E-04  1.33355943E-02  5.74191122E-04  1.18112354E+04  1.16315679E+04  9.97732474E+06  8.18800854E+00  1.08586121E+04  5.16239670E-20  0.00000000E+00  2.59399266E-05  0.00000000E+00  0.00000000E+00  0.00000000E+00  0.00000000E+00  0.00000000E+00  0.00000000E+00
00075  1.76369110E+07  9.99305505E+00  4.02466587E+00  8.21280100E-01  4.35721591E+00  7.52670797E+00  3.92682426E+00  1.54713066E+01 -5.66484277E+00  2.99010079E-01  6.81503673E-01  1.67866704E-04  1.33433496E-02  5.63935929E-04  1.21293668E+04  1.12520536E+04  9.82446746E+06  7.69310732E+00  1.10278423E+04  5.94563323E-20  0.00000000E+00  2.61917653E-05  0.00000000E+00  0.00000000E+00  0.00000000E+00  0.00000000E+00  0.00000000E+00  0.00000000E+00
00076  1.79271595E+07  9.99284334E+00  4.03121149E+00  8.29017467E-01  4.35498364E+00  7.52838381E+00  3.92970695E+00  1.54710233E+01 -5.67305454E+00  2.87250714E-01  6.93264419E-01  1.68921368E-04  1.33505443E-02  5.54307251E-04  1.24580131E+04  1.08875563E+04  9.67729999E+06  7.21648643E+00  1.11957771E+04  6.85811672E-20  0.00000000E+00  2.64384968E-05  0.00000000E+00  0.00000000E+00  0.00000000E+00  0.00000000E+00  0.00000000E+00  0.00000000E+00
00077  1.82068455E+07  9.99263255E+00  4.03763309E+00  8.36791268E-01  4.35270214E+00  7.53007952E+00  3.93273136E+00  1.54709081E+01 -5.68096836E+00  2.75650738E-01  7.04865695E-01  1.69983310E-04  1.33571714E-02  5.45317509E-04  1.27971737E+04  1.05369927E+04  9.53506011E+06  6.76055417E+00  1.13628897E+04  7.91855951E-20  0.00000000E+00  2.67076156E-05  0.00000000E+00  0.00000000E+00  0.00000000E+00  0.00000000E+00  0.00000000E+00  0.00000000E+00
00078  1.84777366E+07  9.99242159E+00  4.04398518E+00  8.44662028E-01  4.35035478E+00  7.53180825E+00  3.93596442E+00  1.54710058E+01 -5.68853177E+00  2.64136405E-01  7.16381265E-01  1.71061185E-04  1.33633178E-02  5.36855809E-04  1.31499708E+04  1.01970723E+04  9.39641489E+06  6.32249353E+00  1.15306313E+04  9.16272257E-20  0.00000000E+00  2.69878758E-05  0.00000000E+00  0.00000000E+00  0.00000000E+00  0.00000000E+00  0.00000000E+00  0.00000000E+00
00079  1.87397086E+07  9.99221079E+00  4.05023412E+00  8.52622095E-01  4.34793698E+00  7.53357896E+00  3.93941131E+00  1.54713055E+01 -5.69581166E+00  2.52647111E-01  7.27871745E-01  1.72162381E-04  1.33690523E-02  5.28833911E-04  1.35166625E+04  9.86843239E+03  9.26198518E+06  5.90020288E+00  1.16980978E+04  1.06334217E-19  0.00000000E+00  2.72687963E-05  0.00000000E+00  0.00000000E+00  0.00000000E+00  0.00000000E+00  0.00000000E+00  0.00000000E+00
00080  1.89922357E+07  9.99200085E+00  4.05634855E+00  8.60654319E-01  4.34544948E+00  7.53539730E+00  3.94308903E+00  1.54718164E+01 -5.70281075E+00  2.41156419E-01  7.39363580E-01  1.73290314E-04  1.33744200E-02  5.21195420E-04  1.38970420E+04  9.55175688E+03  9.13230739E+06  5.49316377E+00  1.18643414E+04  1.23823107E-19  0.00000000E+00  2.75754609E-05  0.00000000E+00  0.00000000E+00  0.00000000E+00  0.00000000E+00  0.00000000E+00  0.00000000E+00
00081  1.92350111E+07  9.99179240E+00  4.06232890E+00  8.68700874E-01  4.34292128E+00  7.53724210E+00  3.94693072E+00  1.54725367E+01 -5.70945714E+00  2.29854916E-01  7.50666169E-01  1.74431159E-04  1.33793625E-02  5.14025821E-04  1.42888320E+04  9.24779593E+03  9.00722713E+06  5.10676806E+00  1.20290426E+04  1.44425034E-19  0.00000000E+00  2.78964779E-05  0.00000000E+00  0.00000000E+00  0.00000000E+00  0.00000000E+00  0.00000000E+00  0.00000000E+00
00082  1.94704099E+07  9.99158364E+00  4.06822511E+00  8.76827949E-01  4.34033180E+00  7.53913291E+00  3.95097921E+00  1.54734862E+01 -5.71579773E+00  2.18644226E-01  7.61877905E-01  1.75598944E-04  1.33839528E-02  5.07222629E-04  1.46957542E+04  8.95358173E+03  8.88558093E+06  4.73722589E+00  1.21936363E+04  1.69011743E-19  0.00000000E+00  2.82231254E-05  0.00000000E+00  0.00000000E+00  0.00000000E+00  0.00000000E+00  0.00000000E+00  0.00000000E+00
00083  1.96982108E+07  9.99137499E+00  4.07403056E+00  8.85037675E-01  4.33767830E+00  7.54107833E+00  3.95528279E+00  1.54747040E+01 -5.72177667E+00  2.07492699E-01  7.73030443E-01  1.76799517E-04  1.33882308E-02  5.00732714E-04  1.51185801E+04  8.66888986E+03  8.76740980E+06  4.38382176E+00  1.23579122E+04  1.98584432E-19  0.00000000E+00  2.85852052E-05  0.00000000E+00  0.00000000E+00  0.00000000E+00  0.00000000E+00  0.00000000E+00  0.00000000E+00
00084  1.99182871E+07  9.99116680E+00  4.07973879E+00  8.93346596E-01  4.33495090E+00  7.54309754E+00  3.95992854E+00  1.54762503E+01 -5.72733202E+00  1.96313801E-01  7.84210330E-01  1.78044250E-04  1.33922522E-02  4.94477166E-04  1.55589007E+04  8.39321283E+03  8.65274743E+06  4.04471193E+00  1.25216661E+04  2.34629804E-19  0.00000000E+00  2.89723305E-05  0.00000000E+00  0.00000000E+00  0.00000000E+00  0.00000000E+00  0.00000000E+00  0.00000000E+00
00085  2.01299678E+07  9.99096003E+00  4.08532163E+00  9.01668182E-01  4.33218581E+00  7.54516823E+00  3.96481150E+00  1.54780896E+01 -5.73247518E+00  1.85292798E-01  7.95232290E-01  1.79319105E-04  1.33959686E-02  4.88530102E-04  1.60127448E+04  8.12841451E+03  8.54205192E+06  3.72429072E+00  1.26837307E+04  2.78223417E-19  0.00000000E+00  2.93710311E-05  0.00000000E+00  0.00000000E+00  0.00000000E+00  0.00000000E+00  0.00000000E+00  0.00000000E+00
00086  2.03352511E+07  9.99075299E+00  4.09082667E+00  9.10058526E-01  4.32936690E+00  7.54730946E+00  3.96997444E+00  1.54802569E+01 -5.73722291E+00  1.74369282E-01  8.06156738E-01  1.80637892E-04  1.33994183E-02  4.82829166E-04  1.64837416E+04  7.87213352E+03  8.43428283E+06  3.42025796E+00  1.28455228E+04  3.31633315E-19  0.00000000E+00  2.98208908E-05  0.00000000E+00  0.00000000E+00  0.00000000E+00  0.00000000E+00  0.00000000E+00  0.00000000E+00
00087  2.05342620E+07  9.99054575E+00  4.09625021E+00  9.18515465E-01  4.32649432E+00  7.54953552E+00  3.97546184E+00  1.54827949E+01 -5.74154913E+00  1.63511233E-01  8.17015703E-01  1.82010699E-04  1.34026280E-02  4.77330616E-04  1.69724959E+04  7.62419442E+03  8.32943646E+06  3.13185037E+00  1.30069139E+04  3.97820832E-19  0.00000000E+00  3.03124944E-05  0.00000000E+00  0.00000000E+00  0.00000000E+00  0.00000000E+00  0.00000000E+00  0.00000000E+00
00088  2.07270384E+07  9.99033849E+00  4.10158584E+00  9.27046817E-01  4.32356255E+00  7.55187501E+00  3.98137495E+00  1.54857849E+01 -5.74539871E+00  1.52627397E-01  8.27900451E-01  1.83455727E-04  1.34056377E-02  4.71964155E-04  1.74802341E+04  7.38429364E+03  8.22755845E+06  2.85744694E+00  1.31676974E+04  4.81389810E-19  0.00000000E+00  3.08377185E-05  0.00000000E+00  0.00000000E+00  0.00000000E+00  0.00000000E+00  0.00000000E+00  0.00000000E+00
00089  2.09130917E+07  9.99013197E+00  4.10684685E+00  9.35626224E-01  4.32058810E+00  7.55432310E+00  3.98774658E+00  1.54893002E+01 -5.74858845E+00  1.41824861E-01  8.38703889E-01  1.84967814E-04  1.34084284E-02  4.66758746E-04  1.80061492E+04  7.15238011E+03  8.12832367E+06  2.59947798E+00  1.33280407E+04  5.87377684E-19  0.00000000E+00  3.14376722E-05  2.22283586E+00  0.00000000E+00  0.00000000E+00  8.07768970E-01  0.00000000E+00  0.00000000E+00
00090  2.10935706E+07  9.98992517E+00  4.11204574E+00  9.44243516E-01  4.31757917E+00  7.55689425E+00  3.99455642E+00  1.54933502E+01 -5.75120292E+00  1.31117659E-01  8.49411989E-01  1.86559654E-04  1.34110008E-02  4.61696335E-04  1.85503145E+04  6.92813626E+03  8.03143421E+06  2.35761737E+00  1.34882212E+04  7.23551867E-19  0.00000000E+00  3.21087810E-05  2.23821266E+00  0.00000000E+00  0.00000000E+00  8.08592656E-01  0.00000000E+00  0.00000000E+00
00091  2.12692775E+07  9.98971731E+00  4.11720141E+00  9.52915625E-01  4.31453204E+00  7.55962544E+00  4.00191273E+00  1.54980452E+01 -5.75318030E+00  1.20438599E-01  8.60091954E-01  1.88256491E-04  1.34133755E-02  4.56719950E-04  1.91145448E+04  6.71074247E+03  7.93648872E+06  2.13059306E+00  1.36488771E+04  9.02544155E-19  0.00000000E+00  3.28709177E-05  2.24330392E+00  0.00000000E+00  0.00000000E+00  8.07411136E-01  0.00000000E+00  0.00000000E+00
00092  2.14402540E+07  9.98950851E+00  4.12231082E+00  9.61625649E-01  4.31145438E+00  7.56257034E+00  4.00998356E+00  1.55035547E+01 -5.75440601E+00  1.09692992E-01  8.70838487E-01  1.90092051E-04  1.34155742E-02  4.51759749E-04  1.96985171E+04  6.50029373E+03  7.84350024E+06  1.91752904E+00  1.38099046E+04  1.14490781E-18  0.00000000E+00  3.37325918E-05  2.24354574E+00  0.00000000E+00  0.00000000E+00  8.05143037E-01  0.00000000E+00  0.00000000E+00
00093  2.16063811E+07  9.98929908E+00  4.12739568E+00  9.70335162E-01  4.30837084E+00  7.56575681E+00  4.01888346E+00  1.55100494E+01 -5.75465526E+00  9.89488636E-02  8.81583564E-01  1.92080522E-04  1.34175772E-02  4.46819393E-04  2.03002953E+04  6.29680720E+03  7.75203896E+06  1.72013446E+00  1.39717935E+04  1.47988432E-18  0.00000000E+00  3.47630499E-05  2.24332761E+00  0.00000000E+00  0.00000000E+00  8.02528422E-01  0.00000000E+00  0.00000000E+00
00094  2.17688094E+07  9.98908768E+00  4.13251192E+00  9.79048722E-01  4.30529312E+00  7.56924275E+00  4.02878925E+00  1.55177628E+01 -5.75372120E+00  8.82094151E-02  8.92323995E-01  1.94258365E-04  1.34193688E-02  4.41868050E-04  2.09207520E+04  6.09919080E+03  7.66108922E+06  1.53867013E+00  1.41362614E+04  1.95793150E-18  0.00000000E+00  3.59892642E-05  2.24329664E+00  0.00000000E+00  0.00000000E+00  7.99567880E-01  0.00000000E+00  0.00000000E+00
00095  2.19261167E+07  9.98887641E+00  4.13761057E+00  9.87585440E-01  4.30229942E+00  7.57308286E+00  4.03983152E+00  1.55269128E+01 -5.75144438E+00  7.75299102E-02  9.03004523E-01  1.96665812E-04  1.34209141E-02  4.36892073E-04  2.15470074E+04  5.91042182E+03  7.57151317E+06  1.37514061E+00  1.43016547E+04  2.66291248E-18  0.00000000E+00  3.74714446E-05  2.24332421E+00  0.00000000E+00  0.00000000E+00  7.96127063E-01  0.00000000E+00  0.00000000E+00
00096  2.20759842E+07  9.98866895E+00  4.14262939E+00  9.95688976E-01  4.29950236E+00  7.57734736E+00  4.05223454E+00  1.55378291E+01 -5.74748874E+00  6.69794687E-02  9.13556039E-01  1.99351363E-04  1.34221685E-02  4.31877745E-04  2.21588274E+04  5.73426927E+03  7.48436301E+06  1.23211140E+00  1.44657111E+04  3.74414988E-18  0.00000000E+00  3.92912080E-05  2.24335810E+00  0.00000000E+00  0.00000000E+00  7.92106620E-01  0.00000000E+00  0.00000000E+00
00097  2.22163137E+07  9.98846912E+00  4.14753419E+00  1.00308438E+00  4.29703085E+00  7.58202412E+00  4.06597072E+00  1.55506487E+01 -5.74157655E+00  5.68747106E-02  9.23661908E-01  2.02310140E-04  1.34230461E-02  4.26929693E-04  2.27323444E+04  5.57391707E+03  7.40016422E+06  1.11357719E+00  1.46269422E+04  5.43733907E-18  0.00000000E+00  4.15166031E-05  2.24338528E+00  0.00000000E+00  0.00000000E+00  7.87355574E-01  0.00000000E+00  0.00000000E+00
00098  2.23461571E+07  9.98827935E+00  4.15233506E+00  1.00955142E+00  4.29499755E+00  7.58718777E+00  4.08131214E+00  1.55657788E+01 -5.73322969E+00  4.73222736E-02  9.33215501E-01  2.05588234E-04  1.34234873E-02  4.22054626E-04  2.32460359E+04  5.43095359E+03  7.31867112E+06  1.02073141E+00  1.47852073E+04  8.20011630E-18  0.00000000E+00  4.42751795E-05  2.24342033E+00  0.00000000E+00  0.00000000E+00  7.81691363E-01  0.00000000E+00  0.00000000E+00
00099  2.24631313E+07  9.98810452E+00  4.15695830E+00  1.01466471E+00  4.29359672E+00  7.59290136E+00  4.09838453E+00  1.55835135E+01 -5.72222260E+00  3.84717663E-02  9.42067212E-01  2.09232331E-04  1.34234065E-02  4.17288238E-04  2.36604306E+04  5.31036485E+03  7.24104747E+06  9.55739158E-01  1.49369823E+04  1.29018789E-17  0.00000000E+00  4.77366223E-05  2.24347088E+00  0.00000000E+00  0.00000000E+00  7.74992216E-01  0.00000000E+00  0.00000000E+00
00100  2.25630554E+07  9.98795251E+00  4.16126049E+00  1.01800404E+00  4.29300260E+00  7.59902209E+00  4.11675361E+00  1.56035124E+01 -5.70867254E+00  3.07074572E-02  9.49832733E-01  2.13158378E-04  1.34227284E-02  4.12828455E-04  2.39350831E+04  5.21758606E+03  7.16956147E+06  9.20948672E-01  1.50762356E+04  2.09412810E-17  0.00000000E+00  5.19703528E-05  2.24353785E+00  0.00000000E+00  0.00000000E+00  7.67349236E-01  0.00000000E+00  0.00000000E+00
