00000  0.00000000E+00  5.00000000E+00  2.72636206E+00  4.34133399E-01  4.22621331E+00  7.42170830E+00  4.27717713E+00  1.58334695E+01 -4.22367456E+00  6.98680185E-01  2.81392784E-01  9.77313386E-05  1.04215101E-02  3.99669481E-03  4.50279544E+03  1.36529268E+05  9.76977497E+07  1.85497597E+01  5.37590269E+02  5.33849021E-24  0.00000000E+00  5.97299017E-06  0.00000000E+00  0.00000000E+00  0.00000000E+00  0.00000000E+00  0.00000000E+00  0.00000000E+00
00001  8.94427191E+02  5.00000000E+00  2.73147850E+00  4.35046115E-01  4.22703607E+00  7.42201500E+00  4.27532844E+00  1.58319654E+01 -4.22904453E+00  6.98646116E-01  2.81427127E-01  9.88621009E-05  1.04207936E-02  3.99600593E-03  4.51701248E+03  1.34646974E+05  9.65535201E+07  1.85332495E+01  5.42355316E+02  5.49347650E-24  0.00000000E+00  5.99355118E-06  0.00000000E+00  0.00000000E+00  0.00000000E+00  0.00000000E+00  0.00000000E+00  0.00000000E+00
00002  1.78885438E+03  4.99999997E+00  2.73110179E+00  4.35010484E-01  4.22695970E+00  7.42201593E+00  4.27533819E+00  1.58319650E+01 -4.22904492E+00  6.98612409E-01  2.81461078E-01  9.97094266E-05  1.04205235E-02  3.99518490E-03  4.51645665E+03  1.34774875E+05  9.66373084E+07  1.85329984E+01  5.42749679E+02  5.51733998E-24  0.00000000E+00  5.99365500E-06  0.00000000E+00  0.00000000E+00  0.00000000E+00  0.00000000E+00  0.00000000E+00  0.00000000E+00
00003  2.86216701E+03  4.99999994E+00  2.73130291E+00  4.35030092E-01  4.22700018E+00  7.42201843E+00  4.27535107E+00  1.58319672E+01 -4.22904728E+00  6.98572305E-01  2.81501381E-01  1.00169846E-04  1.04208405E-02  3.99420875E-03  4.51676254E+03  1.34706392E+05  9.65925657E+07  1.85329430E+01  5.42971514E+02  5.53273761E-24  0.00000000E+00  5.99379433E-06  0.00000000E+00  0.00000000E+00  0.00000000E+00  0.00000000E+00  0.00000000E+00  0.00000000E+00
00004  4.15014217E+03  4.99999990E+00  2.73139223E+00  4.35039284E-01  4.22701791E+00  7.42202139E+00  4.27536598E+00  1.58319694E+01 -4.22905094E+00  6.98524680E-01  2.81549189E-01  1.00399293E-04  1.04215859E-02  3.99305092E-03  4.51690595E+03  1.34675838E+05  9.65727010E+07  1.85328616E+01  5.43059088E+02  5.54212279E-24  0.00000000E+00  5.99395993E-06  0.00000000E+00  0.00000000E+00  0.00000000E+00  0.00000000E+00  0.00000000E+00  0.00000000E+00
00005  5.69571235E+03  4.99999986E+00  2.73142922E+00  4.35043622E-01  4.22702499E+00  7.42202492E+00  4.27538389E+00  1.58319723E+01 -4.22905484E+00  6.98468212E-01  2.81605846E-01  1.00507023E-04  1.04226598E-02  3.99167993E-03  4.51697366E+03  1.34663021E+05  9.65644760E+07  1.85327749E+01  5.43070306E+02  5.54805307E-24  0.00000000E+00  5.99416097E-06  0.00000000E+00  0.00000000E+00  0.00000000E+00  0.00000000E+00  0.00000000E+00  0.00000000E+00
00006  7.55039658E+03  4.99999980E+00  2.73144375E+00  4.35045822E-01  4.22702752E+00  7.42202917E+00  4.27540573E+00  1.58319764E+01 -4.22905822E+00  6.98401367E-01  2.81672903E-01  1.00558814E-04  1.04240173E-02  3.99005942E-03  4.51700800E+03  1.34657831E+05  9.65612445E+07  1.85326986E+01  5.43049781E+02  5.55238971E-24  0.00000000E+00  5.99440737E-06  0.00000000E+00  0.00000000E+00  0.00000000E+00  0.00000000E+00  0.00000000E+00  0.00000000E+00
00007  9.77601764E+03  4.99999974E+00  2.73144862E+00  4.35047116E-01  4.22702809E+00  7.42203426E+00  4.27543224E+00  1.58319821E+01 -4.22906083E+00  6.98322365E-01  2.81752149E-01  1.00589143E-04  1.04256547E-02  3.98814769E-03  4.51702823E+03  1.34655915E+05  9.65601594E+07  1.85326329E+01  5.43027949E+02  5.55633735E-24  0.00000000E+00  5.99470692E-06  0.00000000E+00  0.00000000E+00  0.00000000E+00  0.00000000E+00  0.00000000E+00  0.00000000E+00
00008  1.24467629E+04  4.99999966E+00  2.73144894E+00  4.35048090E-01  4.22702769E+00  7.42204028E+00  4.27546395E+00  1.58319891E+01 -4.22906295E+00  6.98229166E-01  2.81845633E-01  1.00613832E-04  1.04275950E-02  3.98589732E-03  4.51704345E+03  1.34655510E+05  9.65600875E+07  1.85325547E+01  5.43022935E+02  5.56059397E-24  0.00000000E+00  5.99506290E-06  0.00000000E+00  0.00000000E+00  0.00000000E+00  0.00000000E+00  0.00000000E+00  0.00000000E+00
00009  1.56516573E+04  4.99999956E+00  2.73144626E+00  4.35049068E-01  4.22702653E+00  7.42204727E+00  4.27550115E+00  1.58319972E+01 -4.22906541E+00  6.98119442E-01  2.81955691E-01  1.00639352E-04  1.04298775E-02  3.98325470E-03  4.51705876E+03  1.34656032E+05  9.65606806E+07  1.85324112E+01  5.43043385E+02  5.56551909E-24  0.00000000E+00  5.99547225E-06  0.00000000E+00  0.00000000E+00  0.00000000E+00  0.00000000E+00  0.00000000E+00  0.00000000E+00
00010  1.94975305E+04  4.99999945E+00  2.73144047E+00  4.35050325E-01  4.22702445E+00  7.42205518E+00  4.27554385E+00  1.58320054E+01 -4.22906956E+00  6.97990551E-01  2.82084974E-01  1.00668220E-04  1.04325519E-02  3.98015975E-03  4.51707842E+03  1.34657431E+05  9.65619659E+07  1.85321138E+01  5.43090992E+02  5.57126650E-24  0.00000000E+00  5.99592366E-06  0.00000000E+00  0.00000000E+00  0.00000000E+00  0.00000000E+00  0.00000000E+00  0.00000000E+00
00011  2.41125783E+04  4.99999931E+00  2.73143071E+00  4.35052222E-01  4.22702106E+00  7.42206389E+00  4.27559186E+00  1.58320125E+01 -4.22907720E+00  6.97839518E-01  2.82236465E-01  1.00701535E-04  1.04356754E-02  3.97654559E-03  4.51710807E+03  1.34659862E+05  9.65641331E+07  1.85315339E+01  5.43162332E+02  5.57786904E-24  0.00000000E+00  5.99639617E-06  0.00000000E+00  0.00000000E+00  0.00000000E+00  0.00000000E+00  0.00000000E+00  0.00000000E+00
00012  2.96506357E+04  4.99999915E+00  2.73188839E+00  4.35011716E-01  4.22715574E+00  7.42216288E+00  4.27593765E+00  1.58326728E+01 -4.22823409E+00  6.98503450E-01  2.81562258E-01  8.48344817E-05  1.04007769E-02  4.03758573E-03  4.51647624E+03  1.34530564E+05  9.64624199E+07  1.85778238E+01  5.28915515E+02  4.97814357E-24  0.00000000E+00  6.01025473E-06  0.00000000E+00  0.00000000E+00  0.00000000E+00  0.00000000E+00  0.00000000E+00  0.00000000E+00
00013  3.62963046E+04  4.99999895E+00  2.73232810E+00  4.34975767E-01  4.22728364E+00  7.42227927E+00  4.27639059E+00  1.58332392E+01 -4.22759384E+00  6.98500265E-01  2.81561209E-01  8.56652894E-05  1.03691991E-02  4.07256684E-03  4.51591557E+03  1.34405540E+05  9.63648010E+07  1.86170865E+01  5.33920902E+02  5.08398143E-24  0.00000000E+00  6.02377735E-06  0.00000000E+00  0.00000000E+00  0.00000000E+00  0.00000000E+00  0.00000000E+00  0.00000000E+00
00014  4.42711073E+04  4.99999872E+00  2.73262123E+00  4.34938181E-01  4.22737571E+00  7.42237373E+00  4.27666911E+00  1.58336035E+01 -4.22729440E+00  6.98473757E-01  2.81583783E-01  8.67073007E-05  1.03392318E-02  4.10542587E-03  4.51532948E+03  1.34326464E+05  9.62997760E+07  1.86454722E+01  5.38387165E+02  5.19062513E-24  0.00000000E+00  6.03493080E-06  0.00000000E+00  0.00000000E+00  0.00000000E+00  0.00000000E+00  0.00000000E+00  0.00000000E+00
00015  5.38408705E+04  4.99999843E+00  2.73276698E+00  4.34890802E-01  4.22743584E+00  7.42244514E+00  4.27680702E+00  1.58338025E+01 -4.22724514E+00  6.98438462E-01  2.81615171E-01  8.74014569E-05  1.03102630E-02  4.13760755E-03  4.51459077E+03  1.34296026E+05  9.62674568E+07  1.86642906E+01  5.41247718E+02  5.26615827E-24  0.00000000E+00  6.04384168E-06  0.00000000E+00  0.00000000E+00  0.00000000E+00  0.00000000E+00  0.00000000E+00  0.00000000E+00
00016  6.53245864E+04  4.99999809E+00  2.73273785E+00  4.34827978E-01  4.22745997E+00  7.42249749E+00  4.27685599E+00  1.58338915E+01 -4.22733962E+00  6.98395581E-01  2.81654148E-01  8.77929722E-05  1.02820210E-02  4.16936210E-03  4.51361143E+03  1.34324447E+05  9.62739087E+07  1.86759541E+01  5.42767418E+02  5.31471384E-24  0.00000000E+00  6.05095978E-06  0.00000000E+00  0.00000000E+00  0.00000000E+00  0.00000000E+00  0.00000000E+00  0.00000000E+00
00017  7.91050454E+04  4.99999769E+00  2.73258066E+00  4.34756633E-01  4.22745635E+00  7.42253689E+00  4.27686665E+00  1.58339267E+01 -4.22748231E+00  6.98344581E-01  2.81701276E-01  8.79713618E-05  1.02544986E-02  4.20057833E-03  4.51249951E+03  1.34395126E+05  9.63087515E+07  1.86832044E+01  5.43365083E+02  5.34441167E-24  0.00000000E+00  6.05686771E-06  0.00000000E+00  0.00000000E+00  0.00000000E+00  0.00000000E+00  0.00000000E+00  0.00000000E+00
00018  9.56415962E+04  4.99999720E+00  2.73238320E+00  4.34689975E-01  4.22744031E+00  7.42257048E+00  4.27687976E+00  1.58339550E+01 -4.22760446E+00  6.98284313E-01  2.81757770E-01  8.80117905E-05  1.02279849E-02  4.23082583E-03  4.51146095E+03  1.34476858E+05  9.63525406E+07  1.86886936E+01  5.43443644E+02  5.36315780E-24  0.00000000E+00  6.06219905E-06  0.00000000E+00  0.00000000E+00  0.00000000E+00  0.00000000E+00  0.00000000E+00  0.00000000E+00
00019  1.15485457E+05  4.99999661E+00  2.73222971E+00  4.34639620E-01  4.22742711E+00  7.42260475E+00  4.27691891E+00  1.58340062E+01 -4.22767505E+00  6.98213220E-01  2.81825288E-01  8.79707877E-05  1.02030571E-02  4.25936941E-03  4.51067665E+03  1.34539962E+05  9.63865899E+07  1.86944592E+01  5.43338036E+02  5.37747575E-24  0.00000000E+00  6.06751136E-06  0.00000000E+00  0.00000000E+00  0.00000000E+00  0.00000000E+00  0.00000000E+00  0.00000000E+00
00020  1.39298090E+05  4.99999590E+00  2.73216184E+00  4.34609528E-01  4.22742519E+00  7.42264353E+00  4.27698724E+00  1.58340865E+01 -4.22770132E+00  6.98129334E-01  2.81905918E-01  8.78896170E-05  1.01804631E-02  4.28529941E-03  4.51020818E+03  1.34570274E+05  9.64016397E+07  1.87013661E+01  5.43272702E+02  5.39167783E-24  0.00000000E+00  6.07310995E-06  0.00000000E+00  0.00000000E+00  0.00000000E+00  0.00000000E+00  0.00000000E+00  0.00000000E+00
00021  1.67873250E+05  4.99999506E+00  2.73216854E+00  4.34597191E-01  4.22743304E+00  7.42268660E+00  4.27707135E+00  1.58341820E+01 -4.22771498E+00  6.98030214E-01  2.82002221E-01  8.77974150E-05  1.01609535E-02  4.30771895E-03  4.51001638E+03  1.34571977E+05  9.64001373E+07  1.87088898E+01  5.43338869E+02  5.40744830E-24  0.00000000E+00  6.07892983E-06  0.00000000E+00  0.00000000E+00  0.00000000E+00  0.00000000E+00  0.00000000E+00  0.00000000E+00
00022  2.02163442E+05  4.99999405E+00  2.73221714E+00  4.34599873E-01  4.22744385E+00  7.42273067E+00  4.27715171E+00  1.58342689E+01 -4.22775145E+00  6.97912838E-01  2.82117310E-01  8.77135096E-05  1.01451397E-02  4.32590372E-03  4.51005861E+03  1.34556031E+05  9.63893296E+07  1.87155740E+01  5.43522619E+02  5.42442951E-24  0.00000000E+00  6.08461912E-06  0.00000000E+00  0.00000000E+00  0.00000000E+00  0.00000000E+00  0.00000000E+00  0.00000000E+00
00023  2.43311672E+05  4.99999283E+00  2.73228376E+00  4.34618920E-01  4.22745098E+00  7.42277169E+00  4.27721283E+00  1.58343266E+01 -4.22783472E+00  6.97773483E-01  2.82254967E-01  8.76494925E-05  1.01334043E-02  4.33940101E-03  4.51035588E+03  1.34529426E+05  9.63745211E+07  1.87198515E+01  5.43766791E+02  5.44148172E-24  0.00000000E+00  6.08976834E-06  0.00000000E+00  0.00000000E+00  0.00000000E+00  0.00000000E+00  0.00000000E+00  0.00000000E+00
00024  2.92689548E+05  4.99999137E+00  2.73236543E+00  4.34658995E-01  4.22745136E+00  7.42280717E+00  4.27724754E+00  1.58343438E+01 -4.22797529E+00  6.97607586E-01  2.82419772E-01  8.76110661E-05  1.01258457E-02  4.34809070E-03  4.51098088E+03  1.34491641E+05  9.63563717E+07  1.87206862E+01  5.44026065E+02  5.45783739E-24  0.00000000E+00  6.09413159E-06  0.00000000E+00  0.00000000E+00  0.00000000E+00  0.00000000E+00  0.00000000E+00  0.00000000E+00
00025  3.51943000E+05  4.99998961E+00  2.73247130E+00  4.34724907E-01  4.22744487E+00  7.42283683E+00  4.27725539E+00  1.58343181E+01 -4.22817655E+00  6.97409585E-01  2.82617258E-01  8.75996263E-05  1.01222682E-02  4.35219445E-03  4.51200872E+03  1.34438361E+05  9.63328517E+07  1.87177023E+01  5.44285904E+02  5.47352957E-24  0.00000000E+00  6.09770253E-06  0.00000000E+00  0.00000000E+00  0.00000000E+00  0.00000000E+00  0.00000000E+00  0.00000000E+00
00026  4.23047142E+05  4.99998751E+00  2.73261101E+00  4.34819814E-01  4.22743234E+00  7.42286207E+00  4.27723897E+00  1.58342511E+01 -4.22844122E+00  6.97172757E-01  2.82854088E-01  8.76137725E-05  1.01222468E-02  4.35220005E-03  4.51348893E+03  1.34365640E+05  9.63018265E+07  1.87109444E+01  5.44553490E+02  5.48920758E-24  0.00000000E+00  6.10065655E-06  0.00000000E+00  0.00000000E+00  0.00000000E+00  0.00000000E+00  0.00000000E+00  0.00000000E+00
00027  5.08372112E+05  4.99998498E+00  2.73279084E+00  4.34945698E-01  4.22741436E+00  7.42288497E+00  4.27720135E+00  1.58341456E+01 -4.22877433E+00  6.96889019E-01  2.83138267E-01  8.76508509E-05  1.01252572E-02  4.34871013E-03  4.51545291E+03  1.34270952E+05  9.62619093E+07  1.87005793E+01  5.44844068E+02  5.50580845E-24  0.00000000E+00  6.10325327E-06  0.00000000E+00  0.00000000E+00  0.00000000E+00  0.00000000E+00  0.00000000E+00  0.00000000E+00
00028  6.10762076E+05  4.99998194E+00  2.73301550E+00  4.35104724E-01  4.22739101E+00  7.42290775E+00  4.27714486E+00  1.58340028E+01 -4.22918385E+00  6.96548694E-01  2.83479407E-01  8.77083396E-05  1.01308235E-02  4.34227201E-03  4.51793511E+03  1.34152219E+05  9.62120686E+07  1.86866960E+01  5.45174106E+02  5.52435074E-24  0.00000000E+00  6.10576302E-06  0.00000000E+00  0.00000000E+00  0.00000000E+00  0.00000000E+00  0.00000000E+00  0.00000000E+00
00029  7.33630033E+05  4.99997829E+00  2.73329053E+00  4.35300297E-01  4.22736198E+00  7.42293243E+00  4.27707063E+00  1.58338224E+01 -4.22968101E+00  6.96140197E-01  2.83889044E-01  8.77848041E-05  1.01386284E-02  4.33325025E-03  4.52098958E+03  1.34006732E+05  9.61510870E+07  1.86692015E+01  5.45559917E+02  5.54586148E-24  0.00000000E+00  6.10842939E-06  0.00000000E+00  0.00000000E+00  0.00000000E+00  0.00000000E+00  0.00000000E+00  0.00000000E+00
00030  8.81071581E+05  4.99997391E+00  2.73362366E+00  4.35537593E-01  4.22732662E+00  7.42296075E+00  4.27697838E+00  1.58336012E+01 -4.23028072E+00  6.95649641E-01  2.84381052E-01  8.78803175E-05  1.01485615E-02  4.32177069E-03  4.52469846E+03  1.33830601E+05  9.60772772E+07  1.86477790E+01  5.46018143E+02  5.57137966E-24  0.00000000E+00  6.11145963E-06  0.00000000E+00  0.00000000E+00  0.00000000E+00  0.00000000E+00  0.00000000E+00  0.00000000E+00
00031  1.05800144E+06  4.99996864E+00  2.73402523E+00  4.35823779E-01  4.22728391E+00  7.42299428E+00  4.27686649E+00  1.58333338E+01 -4.23100200E+00  6.95060344E-01  2.84972123E-01  8.79964703E-05  1.01607146E-02  4.30772660E-03  4.52917550E+03  1.33618553E+05  9.59883811E+07  1.86218794E+01  5.46566637E+02  5.60200719E-24  0.00000000E+00  6.11503286E-06  0.00000000E+00  0.00000000E+00  0.00000000E+00  0.00000000E+00  0.00000000E+00  0.00000000E+00
00032  1.27031727E+06  4.99996230E+00  2.73450842E+00  4.36168130E-01  4.22723254E+00  7.42303453E+00  4.27673215E+00  1.58330125E+01 -4.23186850E+00  6.94352228E-01  2.85682376E-01  8.81361778E-05  1.01753481E-02  4.29081637E-03  4.53456834E+03  1.33363847E+05  9.58815217E+07  1.85907298E+01  5.47225487E+02  5.63898025E-24  0.00000000E+00  6.11931841E-06  0.00000000E+00  0.00000000E+00  0.00000000E+00  0.00000000E+00  0.00000000E+00  0.00000000E+00
00033  1.52509626E+06  4.99995468E+00  2.73508964E+00  4.36582197E-01  4.22717081E+00  7.42308318E+00  4.27657159E+00  1.58326273E+01 -4.23290905E+00  6.93501080E-01  2.86536082E-01  8.83034887E-05  1.01928568E-02  4.27058325E-03  4.54106149E+03  1.33058158E+05  9.57531435E+07  1.85533407E+01  5.48018183E+02  5.68375906E-24  0.00000000E+00  6.12449660E-06  0.00000000E+00  0.00000000E+00  0.00000000E+00  0.00000000E+00  0.00000000E+00  0.00000000E+00
00034  1.83083106E+06  4.99994551E+00  2.73578886E+00  4.37080133E-01  4.22709665E+00  7.42314213E+00  4.27638004E+00  1.58321659E+01 -4.23415864E+00  6.92477657E-01  2.87562556E-01  8.85034772E-05  1.02137478E-02  4.24644126E-03  4.54888213E+03  1.32691394E+05  9.55989280E+07  1.85084878E+01  5.48972872E+02  5.73812959E-24  0.00000000E+00  6.13077449E-06  0.00000000E+00  0.00000000E+00  0.00000000E+00  0.00000000E+00  0.00000000E+00  0.00000000E+00
00035  2.19771281E+06  4.99993447E+00  2.73663041E+00  4.37679131E-01  4.22700753E+00  7.42321374E+00  4.27615189E+00  1.58316135E+01 -4.23565945E+00  6.91246587E-01  2.88797259E-01  8.87422546E-05  1.02386312E-02  4.21768464E-03  4.55830793E+03  1.32251405E+05  9.54136519E+07  1.84546907E+01  5.50123605E+02  5.80431734E-24  0.00000000E+00  6.13840455E-06  0.00000000E+00  0.00000000E+00  0.00000000E+00  0.00000000E+00  0.00000000E+00  0.00000000E+00
00036  2.63797092E+06  4.99992117E+00  2.73764381E+00  4.38400066E-01  4.22690042E+00  7.42330094E+00  4.27588057E+00  1.58309525E+01 -4.23746236E+00  6.89765013E-01  2.90283156E-01  8.90270396E-05  1.02682233E-02  4.18348539E-03  4.56967844E+03  1.31723617E+05  9.51910159E+07  1.83901727E+01  5.51511912E+02  5.88512104E-24  0.00000000E+00  6.14770008E-06  0.00000000E+00  0.00000000E+00  0.00000000E+00  0.00000000E+00  0.00000000E+00  0.00000000E+00
00037  3.16628064E+06  4.99990513E+00  2.73886498E+00  4.39268324E-01  4.22677158E+00  7.42340737E+00  4.27555842E+00  1.58301618E+01 -4.23962882E+00  6.87980897E-01  2.92072404E-01  8.93663172E-05  1.03033530E-02  4.14288481E-03  4.58341018E+03  1.31090563E+05  9.49234237E+07  1.83127951E+01  5.53188646E+02  5.98412203E-24  0.00000000E+00  6.15905325E-06  0.00000000E+00  0.00000000E+00  0.00000000E+00  0.00000000E+00  0.00000000E+00  0.00000000E+00
00038  3.80025231E+06  4.99988578E+00  2.74033773E+00  4.40314843E-01  4.22661651E+00  7.42353766E+00  4.27517671E+00  1.58292165E+01 -4.24223307E+00  6.85830909E-01  2.94228472E-01  8.97699896E-05  1.03449707E-02  4.09478354E-03  4.60001602E+03  1.30331322E+05  9.46017054E+07  1.82199889E+01  5.55216330E+02  6.10593200E-24  0.00000000E+00  6.17296035E-06  0.00000000E+00  0.00000000E+00  0.00000000E+00  0.00000000E+00  0.00000000E+00  0.00000000E+00
00039  4.56101832E+06  4.99986238E+00  2.74211560E+00  4.41577462E-01  4.22642967E+00  7.42369770E+00  4.27472551E+00  1.58280869E+01 -4.24536505E+00  6.83237741E-01  2.96828827E-01  9.02495612E-05  1.03941551E-02  4.03793337E-03  4.62013098E+03  1.29420849E+05  9.42147848E+07  1.81086621E+01  5.57672230E+02  6.25657057E-24  0.00000000E+00  6.19005276E-06  0.00000000E+00  0.00000000E+00  0.00000000E+00  0.00000000E+00  0.00000000E+00  0.00000000E+00
00040  5.47393752E+06  4.99983407E+00  2.74426431E+00  4.43102697E-01  4.22620422E+00  7.42389499E+00  4.27419366E+00  1.58267378E+01 -4.24913405E+00  6.80106677E-01  2.99968360E-01  9.08183452E-05  1.04521164E-02  3.97093347E-03  4.64454708E+03  1.28329171E+05  9.37492708E+07  1.79750778E+01  5.60652351E+02  6.44402512E-24  0.00000000E+00  6.21113697E-06  0.00000000E+00  0.00000000E+00  0.00000000E+00  0.00000000E+00  0.00000000E+00  0.00000000E+00
00041  6.56944057E+06  4.99979976E+00  2.74686484E+00  4.44947973E-01  4.22593172E+00  7.42413928E+00  4.27356898E+00  1.58251277E+01 -4.25367309E+00  6.76321133E-01  3.03763854E-01  9.14916219E-05  1.05201935E-02  3.89223345E-03  4.67425902E+03  1.27020440E+05  9.31889419E+07  1.78147042E+01  5.64276793E+02  6.67907001E-24  0.00000000E+00  6.23725804E-06  0.00000000E+00  0.00000000E+00  0.00000000E+00  0.00000000E+00  0.00000000E+00  0.00000000E+00
00042  7.88404422E+06  4.99975806E+00  2.75002137E+00  4.47185484E-01  4.22560210E+00  7.42444328E+00  4.27284257E+00  1.58232112E+01 -4.25913559E+00  6.71736690E-01  3.08359940E-01  9.22870025E-05  1.05998428E-02  3.80014515E-03  4.71054169E+03  1.25450482E+05  9.25133131E+07  1.76221731E+01  5.68701874E+02  6.97658640E-24  0.00000000E+00  6.26978783E-06  0.00000000E+00  0.00000000E+00  0.00000000E+00  0.00000000E+00  0.00000000E+00  0.00000000E+00
00043  9.46156861E+06  4.99970726E+00  2.75386152E+00  4.49905883E-01  4.22520193E+00  7.42482349E+00  4.27200329E+00  1.58209319E+01 -4.26571640E+00  6.66172838E-01  3.13937359E-01  9.32246350E-05  1.06926203E-02  3.69286367E-03  4.75503433E+03  1.23567130E+05  9.16979595E+07  1.73907608E+01  5.74124347E+02  7.35749523E-24  0.00000000E+00  6.31049547E-06  0.00000000E+00  0.00000000E+00  0.00000000E+00  0.00000000E+00  0.00000000E+00  0.00000000E+00
00044  1.13545979E+07  4.99964517E+00  2.75853786E+00  4.53223643E-01  4.22471214E+00  7.42530158E+00  4.27103275E+00  1.58182134E+01 -4.27367680E+00  6.59400427E-01  3.20725500E-01  9.43277755E-05  1.08001643E-02  3.56848548E-03  4.80986618E+03  1.21310409E+05  9.07147548E+07  1.71117476E+01  5.80787625E+02  7.85189090E-24  0.00000000E+00  6.36167189E-06  0.00000000E+00  0.00000000E+00  0.00000000E+00  0.00000000E+00  0.00000000E+00  0.00000000E+00
00045  1.36262330E+07  4.99956897E+00  2.76424803E+00  4.57290225E-01  4.22410639E+00  7.42590697E+00  4.26992014E+00  1.58149672E+01 -4.28333622E+00  6.51115422E-01  3.29028669E-01  9.56248264E-05  1.09242812E-02  3.42490849E-03  4.87793688E+03  1.18606389E+05  8.95284675E+07  1.67738591E+01  5.89015592E+02  8.50540707E-24  0.00000000E+00  6.42638912E-06  0.00000000E+00  0.00000000E+00  0.00000000E+00  0.00000000E+00  0.00000000E+00  0.00000000E+00
00046  1.63521951E+07  4.99947496E+00  2.77123464E+00  4.62331196E-01  4.22333256E+00  7.42668308E+00  4.26867155E+00  1.58110624E+01 -4.29515333E+00  6.40810055E-01  3.39355109E-01  9.71634106E-05  1.10682045E-02  3.25837320E-03  4.96365647E+03  1.15362370E+05  8.80980657E+07  1.63578893E+01  5.99231905E+02  9.39518287E-24  0.00000000E+00  6.50879440E-06  0.00000000E+00  0.00000000E+00  0.00000000E+00  0.00000000E+00  0.00000000E+00  0.00000000E+00
00047  1.96233497E+07  4.99935822E+00  2.77982624E+00  4.68623639E-01  4.22233424E+00  7.42768698E+00  4.26729720E+00  1.58063630E+01 -4.30966337E+00  6.27932967E-01  3.52256411E-01  9.89794342E-05  1.12334627E-02  3.06708525E-03  5.07277326E+03  1.11470473E+05  8.63703403E+07  1.58438380E+01  6.12012936E+02  1.06405552E-23  0.00000000E+00  6.61465482E-06  0.00000000E+00  0.00000000E+00  0.00000000E+00  0.00000000E+00  0.00000000E+00  0.00000000E+00
00048  2.28241703E+07  4.99923998E+00  2.78845917E+00  4.74999713E-01  4.22130443E+00  7.42873646E+00  4.26605730E+00  1.58017827E+01 -4.32411448E+00  6.15005171E-01  3.65206595E-01  1.00711999E-04  1.13861357E-02  2.89029172E-03  5.18578727E+03  1.07678821E+05  8.46684137E+07  1.53326262E+01  6.25089573E+02  1.20670628E-23  0.00000000E+00  6.72501438E-06  0.00000000E+00  0.00000000E+00  0.00000000E+00  0.00000000E+00  0.00000000E+00  0.00000000E+00
00049  2.59753047E+07  4.99911942E+00  2.79717867E+00  4.81506894E-01  4.22023072E+00  7.42983564E+00  4.26493958E+00  1.57972821E+01 -4.33860430E+00  6.01941134E-01  3.78291491E-01  1.02381634E-04  1.15282519E-02  2.72564710E-03  5.30372144E+03  1.03963925E+05  8.29834437E+07  1.48205155E+01  6.38548013E+02  1.37138049E-23  0.00000000E+00  6.84028700E-06  0.00000000E+00  0.00000000E+00  0.00000000E+00  0.00000000E+00  0.00000000E+00  0.00000000E+00
00050  2.90316188E+07  4.99899832E+00  2.80584948E+00  4.88062256E-01  4.21912074E+00  7.43096723E+00  4.26395922E+00  1.57929136E+01 -4.35293855E+00  5.88904044E-01  3.91347808E-01  1.03975921E-04  1.16591281E-02  2.57394856E-03  5.42524068E+03  1.00377288E+05  8.13411159E+07  1.43135931E+01  6.52189099E+02  1.55916265E-23  0.00000000E+00  6.95850105E-06  0.00000000E+00  0.00000000E+00  0.00000000E+00  0.00000000E+00  0.00000000E+00  0.00000000E+00
00051  3.19938734E+07  4.99887674E+00  2.81446085E+00  4.94729803E-01  4.21793981E+00  7.43214028E+00  4.26317908E+00  1.57886562E+01 -4.36716395E+00  5.75640232E-01  4.04629699E-01  1.05528775E-04  1.17820505E-02  2.43139531E-03  5.55169516E+03  9.69025966E+04  7.97421964E+07  1.38028383E+01  6.66012641E+02  1.77621578E-23  0.00000000E+00  7.07970509E-06  0.00000000E+00  0.00000000E+00  0.00000000E+00  0.00000000E+00  0.00000000E+00  0.00000000E+00
00052  3.48285480E+07  4.99875629E+00  2.82290104E+00  5.01388755E-01  4.21672038E+00  7.43333084E+00  4.26256073E+00  1.57845650E+01 -4.38107746E+00  5.62485131E-01  4.17801402E-01  1.07005027E-04  1.18948215E-02  2.30054590E-03  5.68092781E+03  9.35869609E+04  7.82055437E+07  1.33006299E+01  6.79814855E+02  2.02196737E-23  0.00000000E+00  7.20189307E-06  0.00000000E+00  0.00000000E+00  0.00000000E+00  0.00000000E+00  0.00000000E+00  0.00000000E+00
00053  3.75679896E+07  4.99863578E+00  2.83125704E+00  5.08075412E-01  4.21546605E+00  7.43454181E+00  4.26206359E+00  1.57806057E+01 -4.39477869E+00  5.49444685E-01  4.30857113E-01  1.08416246E-04  1.19983860E-02  2.18030484E-03  5.81372510E+03  9.03965260E+04  7.67133703E+07  1.28071111E+01  6.93726907E+02  2.30099815E-23  0.00000000E+00  7.32582527E-06  0.00000000E+00  0.00000000E+00  0.00000000E+00  0.00000000E+00  0.00000000E+00  0.00000000E+00
00054  4.02236029E+07  4.99851485E+00  2.83955069E+00  5.14814462E-01  4.21416994E+00  7.43577580E+00  4.26168296E+00  1.57767592E+01 -4.40831749E+00  5.36471845E-01  4.43844060E-01  1.09774725E-04  1.20939646E-02  2.06926089E-03  5.95070362E+03  8.73168438E+04  7.52604669E+07  1.23206282E+01  7.07788731E+02  2.61898516E-23  0.00000000E+00  7.45172698E-06  0.00000000E+00  0.00000000E+00  0.00000000E+00  0.00000000E+00  0.00000000E+00  0.00000000E+00
00055  4.27947250E+07  4.99839365E+00  2.84776376E+00  5.21613957E-01  4.21282346E+00  7.43703298E+00  4.26142650E+00  1.57730168E+01 -4.42170469E+00  5.23523792E-01  4.56805208E-01  1.11090330E-04  1.21825547E-02  1.96626093E-03  6.09218142E+03  8.43459831E+04  7.38487773E+07  1.18399225E+01  7.21971983E+02  2.98214312E-23  0.00000000E+00  7.57934169E-06  0.00000000E+00  0.00000000E+00  0.00000000E+00  0.00000000E+00  0.00000000E+00  0.00000000E+00
00056  4.52770523E+07  4.99827253E+00  2.85584171E+00  5.28530358E-01  4.21138474E+00  7.43832746E+00  4.26135756E+00  1.57693457E+01 -4.43503213E+00  5.10314448E-01  4.70026972E-01  1.12389734E-04  1.22664687E-02  1.86862661E-03  6.23954170E+03  8.14796223E+04  7.24861173E+07  1.13552789E+01  7.36199545E+02  3.40319863E-23  0.00000000E+00  7.70874228E-06  0.00000000E+00  0.00000000E+00  0.00000000E+00  0.00000000E+00  0.00000000E+00  0.00000000E+00
00057  4.76377825E+07  4.99815336E+00  2.86372554E+00  5.35379465E-01  4.20993115E+00  7.43961731E+00  4.26143459E+00  1.57658835E+01 -4.44786232E+00  4.97436175E-01  4.82916530E-01  1.13620445E-04  1.23425952E-02  1.77998407E-03  6.38898001E+03  7.87581229E+04  7.11804367E+07  1.08890224E+01  7.50310171E+02  3.87484136E-23  0.00000000E+00  7.83746146E-06  0.00000000E+00  0.00000000E+00  0.00000000E+00  0.00000000E+00  0.00000000E+00  0.00000000E+00
00058  4.99356635E+07  4.99803336E+00  2.87157351E+00  5.42316210E-01  4.20842477E+00  7.44093109E+00  4.26162463E+00  1.57625150E+01 -4.46056760E+00  4.84588917E-01  4.95774290E-01  1.14819987E-04  1.24133113E-02  1.69756618E-03  6.54397844E+03  7.61184250E+04  6.99040370E+07  1.04297215E+01  7.64599999E+02  4.41518264E-23  0.00000000E+00  7.96824327E-06  0.00000000E+00  0.00000000E+00  0.00000000E+00  0.00000000E+00  0.00000000E+00  0.00000000E+00
00059  5.21572792E+07  4.99791333E+00  2.87932552E+00  5.49300256E-01  4.20687075E+00  7.44226091E+00  4.26192611E+00  1.57592549E+01 -4.47308072E+00  4.71837983E-01  5.08534960E-01  1.15986655E-04  1.24787366E-02  1.62123888E-03  6.70383234E+03  7.35754417E+04  6.86656946E+07  9.98001658E+00  7.78959429E+02  5.03106385E-23  0.00000000E+00  8.10016780E-06  0.00000000E+00  0.00000000E+00  0.00000000E+00  0.00000000E+00  0.00000000E+00  0.00000000E+00
00060  5.43065277E+07  4.99779321E+00  2.88696747E+00  5.56379578E-01  4.20524157E+00  7.44361945E+00  4.26238183E+00  1.57560818E+01 -4.48547817E+00  4.58990209E-01  5.21391898E-01  1.17139690E-04  1.25401946E-02  1.54946371E-03  6.86985147E+03  7.11198326E+04  6.74663828E+07  9.53391292E+00  7.93370111E+02  5.74124059E-23  0.00000000E+00  8.23366377E-06  0.00000000E+00  0.00000000E+00  0.00000000E+00  0.00000000E+00  0.00000000E+00  0.00000000E+00
00061  5.63660725E+07  4.99767417E+00  2.89442624E+00  5.63493018E-01  4.20354955E+00  7.44499514E+00  4.26299412E+00  1.57530263E+01 -4.49764267E+00  4.46154315E-01  5.34236352E-01  1.18266266E-04  1.25974849E-02  1.48248704E-03  7.04081087E+03  6.87698098E+04  6.63159975E+07  9.09573590E+00  8.07677233E+02  6.55385380E-23  0.00000000E+00  8.36752132E-06  0.00000000E+00  0.00000000E+00  0.00000000E+00  0.00000000E+00  0.00000000E+00  0.00000000E+00
00062  5.83426624E+07  4.99755608E+00  2.90174333E+00  5.70602006E-01  4.20182433E+00  7.44637477E+00  4.26372503E+00  1.57501205E+01 -4.50947307E+00  4.33537893E-01  5.46860652E-01  1.19356251E-04  1.26500901E-02  1.42091352E-03  7.21591305E+03  6.65198446E+04  6.52065106E+07  8.67240539E+00  8.21928263E+02  7.47426698E-23  0.00000000E+00  8.50157317E-06  0.00000000E+00  0.00000000E+00  0.00000000E+00  0.00000000E+00  0.00000000E+00  0.00000000E+00
00063  6.02600499E+07  4.99743764E+00  2.90900006E+00  5.77786357E-01  4.20004633E+00  7.44777360E+00  4.26459474E+00  1.57473433E+01 -4.52107329E+00  4.20998120E-01  5.59407765E-01  1.20427179E-04  1.26989691E-02  1.36362385E-03  7.39729544E+03  6.43412603E+04  6.41244925E+07  8.25942431E+00  8.36286709E+02  8.52907323E-23  0.00000000E+00  8.63740058E-06  0.00000000E+00  0.00000000E+00  0.00000000E+00  0.00000000E+00  0.00000000E+00  0.00000000E+00
00064  6.21148791E+07  4.99731921E+00  2.91615139E+00  5.85041025E-01  4.19820683E+00  7.44919294E+00  4.26559378E+00  1.57446701E+01 -4.53249760E+00  4.08495502E-01  5.71917247E-01  1.21485355E-04  1.27445526E-02  1.31011755E-03  7.58507906E+03  6.22390524E+04  6.30757335E+07  7.85550120E+00  8.50667194E+02  9.74066087E-23  0.00000000E+00  8.77462175E-06  0.00000000E+00  0.00000000E+00  0.00000000E+00  0.00000000E+00  0.00000000E+00  0.00000000E+00
00065  6.39032289E+07  4.99720118E+00  2.92314693E+00  5.92406745E-01  4.19627286E+00  7.45064980E+00  4.26679755E+00  1.57420940E+01 -4.54379650E+00  3.95798749E-01  5.84620538E-01  1.22546318E-04  1.27878427E-02  1.25922860E-03  7.78061312E+03  6.02117438E+04  6.20663949E+07  7.45460927E+00  8.64977599E+02  1.11525106E-22  0.00000000E+00  8.91362094E-06  0.00000000E+00  0.00000000E+00  0.00000000E+00  0.00000000E+00  0.00000000E+00  0.00000000E+00
00066  6.56052310E+07  4.99708515E+00  2.92993347E+00  5.99706008E-01  4.19431986E+00  7.45209824E+00  4.26809440E+00  1.57396764E+01 -4.55469562E+00  3.83433056E-01  5.96992215E-01  1.23569943E-04  1.28273363E-02  1.21272826E-03  7.97935445E+03  5.82874730E+04  6.11026280E+07  7.07230804E+00  8.79050705E+02  1.27450697E-22  0.00000000E+00  9.05174982E-06  0.00000000E+00  0.00000000E+00  0.00000000E+00  0.00000000E+00  0.00000000E+00  0.00000000E+00
00067  6.72595183E+07  4.99696865E+00  2.93665273E+00  6.07092197E-01  4.19230658E+00  7.45356877E+00  4.26951598E+00  1.57373710E+01 -4.56541394E+00  3.71135549E-01  6.09295318E-01  1.24584740E-04  1.28641439E-02  1.16930924E-03  8.18562989E+03  5.64221373E+04  6.01631422E+07  6.70036044E+00  8.93190021E+02  1.45804558E-22  0.00000000E+00  9.19205791E-06  0.00000000E+00  0.00000000E+00  0.00000000E+00  0.00000000E+00  0.00000000E+00  0.00000000E+00
00068  6.88576102E+07  4.99685240E+00  2.94327713E+00  6.14536627E-01  4.19024047E+00  7.45505655E+00  4.27110066E+00  1.57352248E+01 -4.57581995E+00  3.58941829E-01  6.21494263E-01  1.25590504E-04  1.28983738E-02  1.12884835E-03  8.39892689E+03  5.46211065E+04  5.92510436E+07  6.34048453E+00  9.07334103E+02  1.66919841E-22  0.00000000E+00  9.33420604E-06  0.00000000E+00  0.00000000E+00  0.00000000E+00  0.00000000E+00  0.00000000E+00  0.00000000E+00
00069  7.04032857E+07  4.99673626E+00  2.94976349E+00  6.22115359E-01  4.18807269E+00  7.45659095E+00  4.27291262E+00  1.57331893E+01 -4.58610490E+00  3.46529881E-01  6.33911218E-01  1.26612365E-04  1.29310370E-02  1.09015658E-03  8.62178016E+03  5.28780237E+04  5.83713249E+07  5.98440202E+00  9.21409987E+02  1.91758956E-22  0.00000000E+00  9.47927372E-06  0.00000000E+00  0.00000000E+00  0.00000000E+00  0.00000000E+00  0.00000000E+00  0.00000000E+00
00070  7.18739337E+07  4.99662220E+00  2.95604265E+00  6.29635501E-01  4.18588241E+00  7.45812170E+00  4.27483672E+00  1.57313215E+01 -4.59598543E+00  3.34409911E-01  6.46035799E-01  1.27607450E-04  1.29609862E-02  1.05460215E-03  8.84875387E+03  5.12219469E+04  5.75321328E+07  5.64562643E+00  9.35208518E+02  2.20032128E-22  0.00000000E+00  9.62418166E-06  0.00000000E+00  0.00000000E+00  0.00000000E+00  0.00000000E+00  0.00000000E+00  0.00000000E+00
00071  7.33009169E+07  4.99650794E+00  2.96223449E+00  6.37230187E-01  4.18363303E+00  7.45967489E+00  4.27688838E+00  1.57295805E+01 -4.60565749E+00  3.22388950E-01  6.58061076E-01  1.28599654E-04  1.29888904E-02  1.02138874E-03  9.08404152E+03  4.96191929E+04  5.67164063E+07  5.31827373E+00  9.48997758E+02  2.52785870E-22  0.00000000E+00  9.77173263E-06  0.00000000E+00  0.00000000E+00  0.00000000E+00  0.00000000E+00  0.00000000E+00  0.00000000E+00
00072  7.46800202E+07  4.99639398E+00  2.96831534E+00  6.44877854E-01  4.18132941E+00  7.46124812E+00  4.27908208E+00  1.57279863E+01 -4.61506409E+00  3.10486456E-01  6.69967611E-01  1.29590250E-04  1.30148651E-02  9.90382579E-04  9.32729179E+03  4.80730152E+04  5.59265391E+07  5.00304046E+00  9.62723094E+02  2.90728351E-22  0.00000000E+00  9.92177791E-06  0.00000000E+00  0.00000000E+00  0.00000000E+00  0.00000000E+00  0.00000000E+00  0.00000000E+00
00073  7.60134787E+07  4.99628025E+00  2.97427886E+00  6.52645478E-01  4.17893647E+00  7.46286867E+00  4.28154494E+00  1.57265758E+01 -4.62419692E+00  2.98452506E-01  6.82005425E-01  1.30599993E-04  1.30395505E-02  9.60824389E-04  9.58102432E+03  4.65747411E+04  5.51625764E+07  4.69498670E+00  9.76380851E+02  3.35549249E-22  0.00000000E+00  1.00738800E-05  0.00000000E+00  0.00000000E+00  0.00000000E+00  0.00000000E+00  0.00000000E+00  0.00000000E+00
00074  7.72880461E+07  4.99616810E+00  2.98005653E+00  6.60402231E-01  4.17650251E+00  7.46450490E+00  4.28416093E+00  1.57253358E+01 -4.63299181E+00  2.86580102E-01  6.93881436E-01  1.31600952E-04  1.30624720E-02  9.33293700E-04  9.84128811E+03  4.51436355E+04  5.44323550E+07  4.40060468E+00  9.89775402E+02  3.87504393E-22  0.00000000E+00  1.02302880E-05  0.00000000E+00  0.00000000E+00  0.00000000E+00  0.00000000E+00  0.00000000E+00  0.00000000E+00
00075  7.85191510E+07  4.99605636E+00  2.98571876E+00  6.68197158E-01  4.17402061E+00  7.46616268E+00  4.28691436E+00  1.57242579E+01 -4.64150495E+00  2.74867449E-01  7.05597465E-01  1.32601781E-04  1.30837660E-02  9.07623313E-04  1.01099543E+04  4.37642961E+04  5.37260834E+07  4.11899556E+00  1.00305718E+03  4.48009376E-22  0.00000000E+00  1.03901547E-05  0.00000000E+00  0.00000000E+00  0.00000000E+00  0.00000000E+00  0.00000000E+00  0.00000000E+00
00076  7.97111391E+07  4.99594478E+00  2.99127481E+00  6.76052767E-01  4.17148182E+00  7.46784999E+00  4.28982390E+00  1.57233455E+01 -4.64975881E+00  2.63264202E-01  7.17203888E-01  1.33610656E-04  1.31036428E-02  8.83561830E-04  1.03881319E+04  4.24315490E+04  5.30419435E+07  3.84889315E+00  1.01625073E+03  5.18934654E-22  0.00000000E+00  1.05543906E-05  0.00000000E+00  0.00000000E+00  0.00000000E+00  0.00000000E+00  0.00000000E+00  0.00000000E+00
00077  8.08634480E+07  4.99583354E+00  2.99670886E+00  6.84007100E-01  4.16886316E+00  7.46958973E+00  4.29300331E+00  1.57226469E+01 -4.65771036E+00  2.51593217E-01  7.28877909E-01  1.34644515E-04  1.31224825E-02  8.60652258E-04  1.06776035E+04  4.11415986E+04  5.23812319E+07  3.58746040E+00  1.02932525E+03  6.03467208E-22  0.00000000E+00  1.07248269E-05  0.00000000E+00  0.00000000E+00  0.00000000E+00  0.00000000E+00  0.00000000E+00  0.00000000E+00
00078  8.19680152E+07  4.99572360E+00  3.00198494E+00  6.91982235E-01  4.16619462E+00  7.47136556E+00  4.29641896E+00  1.57221826E+01 -4.66526326E+00  2.40004360E-01  7.40469634E-01  1.35685695E-04  1.31401313E-02  8.39093953E-04  1.09759286E+04  3.99034856E+04  5.17475832E+07  3.33780381E+00  1.04216523E+03  7.03511319E-22  0.00000000E+00  1.09006200E-05  0.00000000E+00  0.00000000E+00  0.00000000E+00  0.00000000E+00  0.00000000E+00  0.00000000E+00
00079  8.30327218E+07  4.99561437E+00  3.00713804E+00  6.99974096E-01  4.16348696E+00  7.47316950E+00  4.29999493E+00  1.57219234E+01 -4.67247914E+00  2.28603518E-01  7.51873167E-01  1.36733544E-04  1.31565196E-02  8.18967331E-04  1.12832397E+04  3.87121133E+04  5.11360850E+07  3.10094429E+00  1.05483430E+03  8.21619514E-22  0.00000000E+00  1.10820543E-05  0.00000000E+00  0.00000000E+00  0.00000000E+00  0.00000000E+00  0.00000000E+00  0.00000000E+00
00080  8.40654411E+07  4.99550517E+00  3.01219564E+00  7.08033757E-01  4.16072153E+00  7.47501846E+00  4.30376996E+00  1.57218803E+01 -4.67939973E+00  2.17299085E-01  7.63180148E-01  1.37801737E-04  1.31718647E-02  8.00005776E-04  1.16018715E+04  3.75587073E+04  5.05429266E+07  2.87484832E+00  1.06740721E+03  9.62747363E-22  0.00000000E+00  1.12712219E-05  0.00000000E+00  0.00000000E+00  0.00000000E+00  0.00000000E+00  0.00000000E+00  0.00000000E+00
00081  8.50642050E+07  4.99539633E+00  3.01712685E+00  7.16177088E-01  4.15788266E+00  7.47693718E+00  4.30783856E+00  1.57220946E+01 -4.68601534E+00  2.05942001E-01  7.74539680E-01  1.38907706E-04  1.31864252E-02  7.81890574E-04  1.19329488E+04  3.64432562E+04  4.99711927E+07  2.65753695E+00  1.07981409E+03  1.13433034E-21  0.00000000E+00  1.14703786E-05  0.00000000E+00  0.00000000E+00  0.00000000E+00  0.00000000E+00  0.00000000E+00  0.00000000E+00
00082  8.60227721E+07  4.99528871E+00  3.02192513E+00  7.24344683E-01  4.15499844E+00  7.47891355E+00  4.31223466E+00  1.57226443E+01 -4.69210926E+00  1.94651146E-01  7.85832867E-01  1.40036139E-04  1.32001146E-02  7.64741012E-04  1.22745011E+04  3.53697983E+04  4.94210624E+07  2.45137677E+00  1.09200919E+03  1.34248197E-21  0.00000000E+00  1.16799657E-05  0.00000000E+00  0.00000000E+00  0.00000000E+00  0.00000000E+00  0.00000000E+00  0.00000000E+00
00083  8.69480046E+07  4.99518171E+00  3.02661541E+00  7.32526622E-01  4.15208004E+00  7.48093965E+00  4.31685050E+00  1.57234741E+01 -4.69781128E+00  1.83535571E-01  7.96950647E-01  1.41186544E-04  1.32128627E-02  7.48637874E-04  1.26264542E+04  3.43353719E+04  4.88891505E+07  2.25702192E+00  1.10403600E+03  1.59484753E-21  0.00000000E+00  1.19003305E-05  0.00000000E+00  0.00000000E+00  0.00000000E+00  0.00000000E+00  0.00000000E+00  0.00000000E+00
00084  8.78468915E+07  4.99507463E+00  3.03122514E+00  7.40774252E-01  4.14910866E+00  7.48304006E+00  4.32175052E+00  1.57246222E+01 -4.70313885E+00  1.72497462E-01  8.07990863E-01  1.42375232E-04  1.32248421E-02  7.33362228E-04  1.29914465E+04  3.33323379E+04  4.83719339E+07  2.07270923E+00  1.11597525E+03  1.90572030E-21  0.00000000E+00  1.21351234E-05  0.00000000E+00  0.00000000E+00  0.00000000E+00  0.00000000E+00  0.00000000E+00  0.00000000E+00
00085  8.87175376E+07  4.99496780E+00  3.03572310E+00  7.49103382E-01  4.14606858E+00  7.48525705E+00  4.32708305E+00  1.57261734E+01 -4.70806008E+00  1.61345885E-01  8.19144495E-01  1.43627851E-04  1.32362957E-02  7.18602264E-04  1.33707524E+04  3.23608643E+04  4.78725108E+07  1.89651931E+00  1.12775634E+03  2.29861398E-21  0.00000000E+00  1.23893849E-05  0.00000000E+00  0.00000000E+00  0.00000000E+00  0.00000000E+00  0.00000000E+00  0.00000000E+00
00086  8.95534536E+07  4.99486219E+00  3.04011304E+00  7.57413820E-01  4.14301085E+00  7.48756119E+00  4.33281681E+00  1.57281923E+01 -4.71234184E+00  1.50320567E-01  8.30171775E-01  1.44916989E-04  1.32470286E-02  7.04617299E-04  1.37602427E+04  3.14268875E+04  4.73900410E+07  1.73177061E+00  1.13934561E+03  2.79148236E-21  0.00000000E+00  1.26610684E-05  0.00000000E+00  0.00000000E+00  0.00000000E+00  0.00000000E+00  0.00000000E+00  0.00000000E+00
00087  9.03659646E+07  4.99475649E+00  3.04444920E+00  7.65763588E-01  4.13992000E+00  7.48997517E+00  4.33895002E+00  1.57306875E+01 -4.71609055E+00  1.39393393E-01  8.41100837E-01  1.46261255E-04  1.32571066E-02  6.91307208E-04  1.41630029E+04  3.05208805E+04  4.69182420E+07  1.57724705E+00  1.15088454E+03  3.41980698E-21  0.00000000E+00  1.29593009E-05  8.33965706E-01  0.00000000E+00  0.00000000E+00  4.31572243E-01  0.00000000E+00  0.00000000E+00
00088  9.11575712E+07  4.99465046E+00  3.04873886E+00  7.74164417E-01  4.13679200E+00  7.49253448E+00  4.34557618E+00  1.57337417E+01 -4.71928534E+00  1.28482765E-01  8.52013301E-01  1.47684410E-04  1.32666379E-02  6.78516730E-04  1.45801233E+04  2.96406779E+04  4.64561112E+07  1.43205308E+00  1.16240056E+03  4.23919239E-21  0.00000000E+00  1.32887060E-05  8.37406024E-01  0.00000000E+00  0.00000000E+00  4.31313072E-01  0.00000000E+00  0.00000000E+00
00089  9.19276137E+07  4.99454425E+00  3.05296859E+00  7.82630008E-01  4.13361664E+00  7.49532262E+00  4.35297118E+00  1.57375657E+01 -4.72180538E+00  1.17337427E-01  8.63160472E-01  1.49232379E-04  1.32758577E-02  6.65915823E-04  1.50128864E+04  2.87855371E+04  4.60048781E+07  1.29450982E+00  1.17386726E+03  5.35474688E-21  0.00000000E+00  1.36628899E-05  8.36443574E-01  0.00000000E+00  0.00000000E+00  4.29917827E-01  0.00000000E+00  0.00000000E+00
00090  9.26703105E+07  4.99443880E+00  3.05717264E+00  7.91015790E-01  4.13047476E+00  7.49827957E+00  4.36100566E+00  1.57422059E+01 -4.72337011E+00  1.06377832E-01  8.74121837E-01  1.50863173E-04  1.32844450E-02  6.53927360E-04  1.54542331E+04  2.79618674E+04  4.55607297E+07  1.16880999E+00  1.18531906E+03  6.85799132E-21  0.00000000E+00  1.40820349E-05  8.36256900E-01  0.00000000E+00  0.00000000E+00  4.28566418E-01  0.00000000E+00  0.00000000E+00
00091  9.34032713E+07  4.99433164E+00  3.06144475E+00  7.99462988E-01  4.12731919E+00  7.50152540E+00  4.36995330E+00  1.57478943E+01 -4.72401876E+00  9.53227910E-02  8.85178644E-01  1.52653602E-04  1.32926286E-02  6.42187469E-04  1.59119320E+04  2.71536509E+04  4.51137829E+07  1.05196320E+00  1.19704225E+03  8.99606834E-21  0.00000000E+00  1.45693016E-05  8.36246098E-01  0.00000000E+00  0.00000000E+00  4.27095317E-01  0.00000000E+00  0.00000000E+00
00092  9.41234623E+07  4.99422320E+00  3.06579463E+00  8.07902170E-01  4.12418707E+00  7.50522273E+00  4.38033236E+00  1.57551332E+01 -4.72338617E+00  8.38891778E-02  8.96614078E-01  1.54697726E-04  1.33006009E-02  6.30350743E-04  1.63827348E+04  2.63645466E+04  4.46632101E+07  9.43517880E-01  1.20906874E+03  1.22490865E-20  0.00000000E+00  1.51598492E-05  8.36228597E-01  0.00000000E+00  0.00000000E+00  4.25396675E-01  0.00000000E+00  0.00000000E+00
00093  9.48221601E+07  4.99411488E+00  3.07026286E+00  8.16084795E-01  4.12121281E+00  7.50934359E+00  4.39207692E+00  1.57641045E+01 -4.72110224E+00  7.25492027E-02  9.07955871E-01  1.56968374E-04  1.33080264E-02  6.18836959E-04  1.68525277E+04  2.56065231E+04  4.42050905E+07  8.47983882E-01  1.22145337E+03  1.72660023E-20  0.00000000E+00  1.58699309E-05  8.36201084E-01  0.00000000E+00  0.00000000E+00  4.23356872E-01  0.00000000E+00  0.00000000E+00
00094  9.54897008E+07  4.99400844E+00  3.07485400E+00  8.23724775E-01  4.11854061E+00  7.51396785E+00  4.40541397E+00  1.57751992E+01 -4.71679433E+00  6.14380318E-02  9.19068862E-01  1.59526448E-04  1.33148038E-02  6.07680588E-04  1.73033283E+04  2.48943606E+04  4.37393056E+07  7.67395693E-01  1.23422910E+03  2.53653575E-20  0.00000000E+00  1.67363213E-05  8.36183790E-01  0.00000000E+00  0.00000000E+00  4.20899664E-01  0.00000000E+00  0.00000000E+00
00095  9.61156596E+07  4.99390596E+00  3.07961221E+00  8.30419743E-01  4.11638268E+00  7.51932029E+00  4.42099999E+00  1.57892521E+01 -4.70980186E+00  5.04756676E-02  9.30033099E-01  1.62505162E-04  1.33209569E-02  5.96676880E-04  1.77082872E+04  2.42454349E+04  4.32618180E+07  7.03601509E-01  1.24745107E+03  3.95765646E-20  0.00000000E+00  1.78359395E-05  8.36179868E-01  0.00000000E+00  0.00000000E+00  4.17896776E-01  0.00000000E+00  0.00000000E+00
00096  9.66706734E+07  4.99381298E+00  3.08444430E+00  8.35565474E-01  4.11501783E+00  7.52517370E+00  4.43819699E+00  1.58059700E+01 -4.69995392E+00  4.05501388E-02  9.39960433E-01  1.65775939E-04  1.33259638E-02  5.86593621E-04  1.80259929E+04  2.36938688E+04  4.27823449E+07  6.61673532E-01  1.26080216E+03  6.43465557E-20  0.00000000E+00  1.91716021E-05  8.36182604E-01  0.00000000E+00  0.00000000E+00  4.14333717E-01  0.00000000E+00  0.00000000E+00
00097  9.71362848E+07  4.99373353E+00  3.08926091E+00  8.38715854E-01  4.11464680E+00  7.53143877E+00  4.45671471E+00  1.58251920E+01 -4.68730053E+00  3.19540942E-02  9.48558184E-01  1.69302410E-04  1.33296808E-02  5.77643656E-04  1.82233501E+04  2.32624351E+04  4.23098094E+07  6.42472856E-01  1.27391978E+03  1.08121867E-19  0.00000000E+00  2.07667296E-05  8.36185828E-01  0.00000000E+00  0.00000000E+00  4.10261691E-01  0.00000000E+00  0.00000000E+00
00098  9.75087739E+07  4.99366913E+00  3.09401937E+00  8.39736625E-01  4.11532603E+00  7.53799112E+00  4.47615771E+00  1.58465165E+01 -4.67216410E+00  2.48173978E-02  9.55696462E-01  1.73015504E-04  1.33320863E-02  5.69943737E-04  1.82878300E+04  2.29543362E+04  4.18482213E+07  6.44983133E-01  1.28652333E+03  1.85846727E-19  0.00000000E+00  2.26349344E-05  8.36204484E-01  0.00000000E+00  0.00000000E+00  4.05738072E-01  0.00000000E+00  0.00000000E+00
00099  9.78067653E+07  4.99361713E+00  3.09882489E+00  8.38846081E-01  4.11697268E+00  7.54482282E+00  4.49651455E+00  1.58698663E+01 -4.65464260E+00  1.90090065E-02  9.61506323E-01  1.76921045E-04  1.33332659E-02  5.63388216E-04  1.82317611E+04  2.27478690E+04  4.13872874E+07  6.67107075E-01  1.29884694E+03  3.26592245E-19  0.00000000E+00  2.48170822E-05  8.36242994E-01  0.00000000E+00  0.00000000E+00  4.00754530E-01  0.00000000E+00  0.00000000E+00
00100  9.80451583E+07  4.99357531E+00  3.10391373E+00  8.36066793E-01  4.11963453E+00  7.55219069E+00  4.51862191E+00  1.58961442E+01 -4.63398536E+00  1.42156001E-02  9.66301156E-01  1.81188176E-04  1.33332907E-02  5.57670427E-04  1.80576615E+04  2.26268392E+04  4.09048198E+07  7.09947415E-01  1.31112591E+03  5.98590677E-19  0.00000000E+00  2.74658702E-05  8.36303853E-01  0.00000000E+00  0.00000000E+00  3.95143813E-01  0.00000000E+00  0.00000000E+00
