00000  0.00000000E+00  5.00000000E-01 -1.41125832E+00 -3.39984797E-01  3.57886731E+00  6.92949358E+00  4.85259150E+00  1.59155214E+01 -1.09057314E+00  6.98490883E-01  2.81392784E-01  3.53913992E-03  1.06644247E-03  1.00996559E-02  9.82437480E+02  1.11420303E+08  1.34123519E+11  3.87073377E-02  3.76411724E-06  0.00000000E+00  0.00000000E+00  0.00000000E+00  0.00000000E+00  0.00000000E+00  0.00000000E+00  0.00000000E+00  0.00000000E+00  0.00000000E+00
00001  5.00000000E+04  5.00000000E-01 -1.41545791E+00 -3.38895626E-01  3.57727283E+00  6.92884146E+00  4.85236181E+00  1.59146514E+01 -1.08866169E+00  6.98490522E-01  2.81393150E-01  3.53917094E-03  1.06640629E-03  1.00996559E-02  9.86140237E+02  1.12221160E+08  1.35426772E+11  3.83369139E-02  3.63505175E-06  0.00000000E+00  0.00000000E+00  0.00000000E+00  0.00000000E+00  0.00000000E+00  0.00000000E+00  0.00000000E+00  0.00000000E+00  0.00000000E+00
00002  1.00000000E+05  5.00000000E-01 -1.41546041E+00 -3.38896545E-01  3.57727267E+00  6.92884149E+00  4.85236195E+00  1.59146515E+01 -1.08866166E+00  6.98490156E-01  2.81393516E-01  3.53916978E-03  1.06640764E-03  1.00996559E-02  9.86137107E+02  1.12222042E+08  1.35427551E+11  3.83369436E-02  3.63505752E-06  0.00000000E+00  0.00000000E+00  0.00000000E+00  0.00000000E+00  0.00000000E+00  0.00000000E+00  0.00000000E+00  0.00000000E+00  0.00000000E+00
00003  1.60000000E+05  4.99999999E-01 -1.41546059E+00 -3.38896606E-01  3.57727265E+00  6.92884159E+00  4.85236221E+00  1.59146517E+01 -1.08866166E+00  6.98489717E-01  2.81393955E-01  3.53916839E-03  1.06640926E-03  1.00996559E-02  9.86136899E+02  1.12222106E+08  1.35427608E+11  3.83369696E-02  3.63507333E-06  0.00000000E+00  0.00000000E+00  0.00000000E+00  0.00000000E+00  0.00000000E+00  0.00000000E+00  0.00000000E+00  0.00000000E+00  0.00000000E+00
00004  2.32000000E+05  4.99999998E-01 -1.41546071E+00 -3.38896654E-01  3.57727265E+00  6.92884171E+00  4.85236252E+00  1.59146520E+01 -1.08866167E+00  6.98489190E-01  2.81394482E-01  3.53916671E-03  1.06641122E-03  1.00996559E-02  9.86136739E+02  1.12222149E+08  1.35427645E+11  3.83370014E-02  3.63509248E-06  0.00000000E+00  0.00000000E+00  0.00000000E+00  0.00000000E+00  0.00000000E+00  0.00000000E+00  0.00000000E+00  0.00000000E+00  0.00000000E+00
00005  3.18400000E+05  4.99999998E-01 -1.41546081E+00 -3.38896695E-01  3.57727264E+00  6.92884185E+00  4.85236290E+00  1.59146523E+01 -1.08866166E+00  6.98488557E-01  2.81395114E-01  3.53916470E-03  1.06641356E-03  1.00996559E-02  9.86136597E+02  1.12222185E+08  1.35427676E+11  3.83370399E-02  3.63511553E-06  0.00000000E+00  0.00000000E+00  0.00000000E+00  0.00000000E+00  0.00000000E+00  0.00000000E+00  0.00000000E+00  0.00000000E+00  0.00000000E+00
00006  4.22080000E+05  4.99999997E-01 -1.41546090E+00 -3.38896735E-01  3.57727264E+00  6.92884203E+00  4.85236335E+00  1.59146526E+01 -1.08866166E+00  6.98487798E-01  2.81395872E-01  3.53916229E-03  1.06641638E-03  1.00996559E-02  9.86136464E+02  1.12222217E+08  1.35427703E+11  3.83370862E-02  3.63514318E-06  0.00000000E+00  0.00000000E+00  0.00000000E+00  0.00000000E+00  0.00000000E+00  0.00000000E+00  0.00000000E+00  0.00000000E+00  0.00000000E+00
00007  5.46496000E+05  4.99999996E-01 -1.41546097E+00 -3.38896774E-01  3.57727264E+00  6.92884223E+00  4.85236390E+00  1.59146531E+01 -1.08866165E+00  6.98486887E-01  2.81396783E-01  3.53915940E-03  1.06641975E-03  1.00996559E-02  9.86136333E+02  1.12222246E+08  1.35427726E+11  3.83371418E-02  3.63517628E-06  0.00000000E+00  0.00000000E+00  0.00000000E+00  0.00000000E+00  0.00000000E+00  0.00000000E+00  0.00000000E+00  0.00000000E+00  0.00000000E+00
00008  6.95795200E+05  4.99999994E-01 -1.41546103E+00 -3.38896812E-01  3.57727264E+00  6.92884248E+00  4.85236455E+00  1.59146536E+01 -1.08866162E+00  6.98485794E-01  2.81397875E-01  3.53915592E-03  1.06642380E-03  1.00996559E-02  9.86136202E+02  1.12222271E+08  1.35427745E+11  3.83372082E-02  3.63521584E-06  0.00000000E+00  0.00000000E+00  0.00000000E+00  0.00000000E+00  0.00000000E+00  0.00000000E+00  0.00000000E+00  0.00000000E+00  0.00000000E+00
00009  8.74954240E+05  4.99999993E-01 -1.41546109E+00 -3.38896852E-01  3.57727265E+00  6.92884277E+00  4.85236534E+00  1.59146543E+01 -1.08866158E+00  6.98484483E-01  2.81399186E-01  3.53915176E-03  1.06642866E-03  1.00996559E-02  9.86136068E+02  1.12222296E+08  1.35427763E+11  3.83372874E-02  3.63526306E-06  0.00000000E+00  0.00000000E+00  0.00000000E+00  0.00000000E+00  0.00000000E+00  0.00000000E+00  0.00000000E+00  0.00000000E+00  0.00000000E+00
00010  1.08994509E+06  4.99999991E-01 -1.41546114E+00 -3.38896893E-01  3.57727266E+00  6.92884312E+00  4.85236629E+00  1.59146551E+01 -1.08866152E+00  6.98482909E-01  2.81400759E-01  3.53914676E-03  1.06643450E-03  1.00996559E-02  9.86135929E+02  1.12222319E+08  1.35427778E+11  3.83373818E-02  3.63531931E-06  0.00000000E+00  0.00000000E+00  0.00000000E+00  0.00000000E+00  0.00000000E+00  0.00000000E+00  0.00000000E+00  0.00000000E+00  0.00000000E+00
00011  1.34793411E+06  4.99999989E-01 -1.41546118E+00 -3.38896936E-01  3.57727267E+00  6.92884353E+00  4.85236743E+00  1.59146560E+01 -1.08866142E+00  6.98481020E-01  2.81402646E-01  3.53914076E-03  1.06644150E-03  1.00996559E-02  9.86135786E+02  1.12222338E+08  1.35427789E+11  3.83374939E-02  3.63538623E-06  0.00000000E+00  0.00000000E+00  0.00000000E+00  0.00000000E+00  0.00000000E+00  0.00000000E+00  0.00000000E+00  0.00000000E+00  0.00000000E+00
00012  1.65752093E+06  4.99999986E-01 -1.41546121E+00 -3.38896981E-01  3.57727269E+00  6.92884402E+00  4.85236879E+00  1.59146571E+01 -1.08866127E+00  6.98478754E-01  2.81404912E-01  3.53913355E-03  1.06644990E-03  1.00996559E-02  9.86135636E+02  1.12222356E+08  1.35427797E+11  3.83376267E-02  3.63546565E-06  0.00000000E+00  0.00000000E+00  0.00000000E+00  0.00000000E+00  0.00000000E+00  0.00000000E+00  0.00000000E+00  0.00000000E+00  0.00000000E+00
00013  2.02902511E+06  4.99999983E-01 -1.41546122E+00 -3.38897027E-01  3.57727271E+00  6.92884460E+00  4.85237043E+00  1.59146584E+01 -1.08866106E+00  6.98476035E-01  2.81407630E-01  3.53912491E-03  1.06645998E-03  1.00996559E-02  9.86135483E+02  1.12222369E+08  1.35427799E+11  3.83377838E-02  3.63555979E-06  0.00000000E+00  0.00000000E+00  0.00000000E+00  0.00000000E+00  0.00000000E+00  0.00000000E+00  0.00000000E+00  0.00000000E+00  0.00000000E+00
00014  2.47483013E+06  4.99999979E-01 -1.41546121E+00 -3.38897073E-01  3.57727273E+00  6.92884528E+00  4.85237240E+00  1.59146600E+01 -1.08866075E+00  6.98472771E-01  2.81410892E-01  3.53911454E-03  1.06647207E-03  1.00996559E-02  9.86135330E+02  1.12222376E+08  1.35427794E+11  3.83379690E-02  3.63567110E-06  0.00000000E+00  0.00000000E+00  0.00000000E+00  0.00000000E+00  0.00000000E+00  0.00000000E+00  0.00000000E+00  0.00000000E+00  0.00000000E+00
00015  3.00979616E+06  4.99999975E-01 -1.41546118E+00 -3.38897118E-01  3.57727276E+00  6.92884608E+00  4.85237477E+00  1.59146618E+01 -1.08866031E+00  6.98468855E-01  2.81414806E-01  3.53910210E-03  1.06648658E-03  1.00996559E-02  9.86135181E+02  1.12222379E+08  1.35427784E+11  3.83381864E-02  3.63580235E-06  0.00000000E+00  0.00000000E+00  0.00000000E+00  0.00000000E+00  0.00000000E+00  0.00000000E+00  0.00000000E+00  0.00000000E+00  0.00000000E+00
00016  3.65175539E+06  4.99999969E-01 -1.41546110E+00 -3.38897159E-01  3.57727280E+00  6.92884702E+00  4.85237761E+00  1.59146641E+01 -1.08865969E+00  6.98464155E-01  2.81419503E-01  3.53908716E-03  1.06650401E-03  1.00996559E-02  9.86135048E+02  1.12222367E+08  1.35427759E+11  3.83384406E-02  3.63595669E-06  0.00000000E+00  0.00000000E+00  0.00000000E+00  0.00000000E+00  0.00000000E+00  0.00000000E+00  0.00000000E+00  0.00000000E+00  0.00000000E+00
00017  4.42210647E+06  4.99999963E-01 -1.41546097E+00 -3.38897191E-01  3.57727285E+00  6.92884812E+00  4.85238102E+00  1.59146667E+01 -1.08865883E+00  6.98458516E-01  2.81425139E-01  3.53906924E-03  1.06652491E-03  1.00996559E-02  9.86134944E+02  1.12222339E+08  1.35427718E+11  3.83387365E-02  3.63613758E-06  0.00000000E+00  0.00000000E+00  0.00000000E+00  0.00000000E+00  0.00000000E+00  0.00000000E+00  0.00000000E+00  0.00000000E+00  0.00000000E+00
00018  5.34652777E+06  4.99999955E-01 -1.41546077E+00 -3.38897207E-01  3.57727291E+00  6.92884940E+00  4.85238511E+00  1.59146698E+01 -1.08865766E+00  6.98451748E-01  2.81431903E-01  3.53904773E-03  1.06654998E-03  1.00996559E-02  9.86134895E+02  1.12222287E+08  1.35427651E+11  3.83390788E-02  3.63634885E-06  0.00000000E+00  0.00000000E+00  0.00000000E+00  0.00000000E+00  0.00000000E+00  0.00000000E+00  0.00000000E+00  0.00000000E+00  0.00000000E+00
00019  6.45583332E+06  4.99999945E-01 -1.41546046E+00 -3.38897198E-01  3.57727298E+00  6.92885088E+00  4.85239001E+00  1.59146735E+01 -1.08865608E+00  6.98443627E-01  2.81440020E-01  3.53902192E-03  1.06658013E-03  1.00996559E-02  9.86134936E+02  1.12222200E+08  1.35427552E+11  3.83394724E-02  3.63659466E-06  0.00000000E+00  0.00000000E+00  0.00000000E+00  0.00000000E+00  0.00000000E+00  0.00000000E+00  0.00000000E+00  0.00000000E+00  0.00000000E+00
00020  7.78699998E+06  4.99999934E-01 -1.41546002E+00 -3.38897148E-01  3.57727307E+00  6.92885260E+00  4.85239588E+00  1.59146779E+01 -1.08865395E+00  6.98433882E-01  2.81449760E-01  3.53899095E-03  1.06661630E-03  1.00996559E-02  9.86135118E+02  1.12222069E+08  1.35427412E+11  3.83399216E-02  3.63687945E-06  0.00000000E+00  0.00000000E+00  0.00000000E+00  0.00000000E+00  0.00000000E+00  0.00000000E+00  0.00000000E+00  0.00000000E+00  0.00000000E+00
00021  9.38439998E+06  4.99999920E-01 -1.41545941E+00 -3.38897035E-01  3.57727316E+00  6.92885457E+00  4.85240292E+00  1.59146831E+01 -1.08865112E+00  6.98422188E-01  2.81461448E-01  3.53895377E-03  1.06665969E-03  1.00996558E-02  9.86135516E+02  1.12221875E+08  1.35427218E+11  3.83404299E-02  3.63720800E-06  0.00000000E+00  0.00000000E+00  0.00000000E+00  0.00000000E+00  0.00000000E+00  0.00000000E+00  0.00000000E+00  0.00000000E+00  0.00000000E+00
00022  1.13012800E+07  4.99999904E-01 -1.41545844E+00 -3.38896829E-01  3.57727330E+00  6.92885685E+00  4.85241135E+00  1.59146892E+01 -1.08864738E+00  6.98408155E-01  2.81475473E-01  3.53890916E-03  1.06671173E-03  1.00996559E-02  9.86136233E+02  1.12221564E+08  1.35426911E+11  3.83410006E-02  3.63758556E-06  0.00000000E+00  0.00000000E+00  0.00000000E+00  0.00000000E+00  0.00000000E+00  0.00000000E+00  0.00000000E+00  0.00000000E+00  0.00000000E+00
00023  1.36015360E+07  4.99999884E-01 -1.41545712E+00 -3.38896489E-01  3.57727346E+00  6.92885945E+00  4.85242145E+00  1.59146963E+01 -1.08864247E+00  6.98391315E-01  2.81492304E-01  3.53885562E-03  1.06677410E-03  1.00996559E-02  9.86137414E+02  1.12221126E+08  1.35426494E+11  3.83416352E-02  3.63801766E-06  0.00000000E+00  0.00000000E+00  0.00000000E+00  0.00000000E+00  0.00000000E+00  0.00000000E+00  0.00000000E+00  0.00000000E+00  0.00000000E+00
00024  1.63618432E+07  4.99999861E-01 -1.41545522E+00 -3.38895955E-01  3.57727367E+00  6.92886243E+00  4.85243354E+00  1.59147047E+01 -1.08863607E+00  6.98371107E-01  2.81512501E-01  3.53879136E-03  1.06684906E-03  1.00996559E-02  9.86139256E+02  1.12220487E+08  1.35425895E+11  3.83423350E-02  3.63851069E-06  0.00000000E+00  0.00000000E+00  0.00000000E+00  0.00000000E+00  0.00000000E+00  0.00000000E+00  0.00000000E+00  0.00000000E+00  0.00000000E+00
00025  1.96742118E+07  4.99999832E-01 -1.41545266E+00 -3.38895152E-01  3.57727391E+00  6.92886583E+00  4.85244804E+00  1.59147146E+01 -1.08862776E+00  6.98346858E-01  2.81536738E-01  3.53871424E-03  1.06693915E-03  1.00996558E-02  9.86142016E+02  1.12219605E+08  1.35425089E+11  3.83431007E-02  3.63907215E-06  0.00000000E+00  0.00000000E+00  0.00000000E+00  0.00000000E+00  0.00000000E+00  0.00000000E+00  0.00000000E+00  0.00000000E+00  0.00000000E+00
00026  2.36490542E+07  4.99999798E-01 -1.41544894E+00 -3.38893989E-01  3.57727426E+00  6.92886973E+00  4.85246545E+00  1.59147264E+01 -1.08861706E+00  6.98317758E-01  2.81565822E-01  3.53862168E-03  1.06704731E-03  1.00996556E-02  9.86146013E+02  1.12218328E+08  1.35423919E+11  3.83439364E-02  3.63971209E-06  0.00000000E+00  0.00000000E+00  0.00000000E+00  0.00000000E+00  0.00000000E+00  0.00000000E+00  0.00000000E+00  0.00000000E+00  0.00000000E+00
00027  2.84188650E+07  4.99999758E-01 -1.41544401E+00 -3.38892339E-01  3.57727466E+00  6.92887419E+00  4.85248635E+00  1.59147403E+01 -1.08860337E+00  6.98282839E-01  2.81600723E-01  3.53851058E-03  1.06717650E-03  1.00996561E-02  9.86151671E+02  1.12216610E+08  1.35422372E+11  3.83448462E-02  3.64044266E-06  0.00000000E+00  0.00000000E+00  0.00000000E+00  0.00000000E+00  0.00000000E+00  0.00000000E+00  0.00000000E+00  0.00000000E+00  0.00000000E+00
00028  3.41426380E+07  4.99999709E-01 -1.41543752E+00 -3.38890055E-01  3.57727514E+00  6.92887934E+00  4.85251150E+00  1.59147568E+01 -1.08858598E+00  6.98240936E-01  2.81642604E-01  3.53837724E-03  1.06733196E-03  1.00996562E-02  9.86159499E+02  1.12214320E+08  1.35420334E+11  3.83458400E-02  3.64128029E-06  0.00000000E+00  0.00000000E+00  0.00000000E+00  0.00000000E+00  0.00000000E+00  0.00000000E+00  0.00000000E+00  0.00000000E+00  0.00000000E+00
00029  4.10111656E+07  4.99999650E-01 -1.41542866E+00 -3.38886987E-01  3.57727582E+00  6.92888532E+00  4.85254179E+00  1.59147765E+01 -1.08856408E+00  6.98190653E-01  2.81692860E-01  3.53821719E-03  1.06751912E-03  1.00996555E-02  9.86170006E+02  1.12211214E+08  1.35417557E+11  3.83469438E-02  3.64224974E-06  0.00000000E+00  0.00000000E+00  0.00000000E+00  0.00000000E+00  0.00000000E+00  0.00000000E+00  0.00000000E+00  0.00000000E+00  0.00000000E+00
00030  4.92533987E+07  4.99999580E-01 -1.41541736E+00 -3.38882960E-01  3.57727664E+00  6.92889233E+00  4.85257830E+00  1.59148002E+01 -1.08853675E+00  6.98130313E-01  2.81753168E-01  3.53802506E-03  1.06774282E-03  1.00996562E-02  9.86183793E+02  1.12207221E+08  1.35414014E+11  3.83481897E-02  3.64338154E-06  0.00000000E+00  0.00000000E+00  0.00000000E+00  0.00000000E+00  0.00000000E+00  0.00000000E+00  0.00000000E+00  0.00000000E+00  0.00000000E+00
00031  5.91440784E+07  4.99999495E-01 -1.41540279E+00 -3.38877805E-01  3.57727770E+00  6.92890062E+00  4.85262231E+00  1.59148287E+01 -1.08850296E+00  6.98057906E-01  2.81825536E-01  3.53779444E-03  1.06801216E-03  1.00996559E-02  9.86201434E+02  1.12202086E+08  1.35409447E+11  3.83496296E-02  3.64471724E-06  0.00000000E+00  0.00000000E+00  0.00000000E+00  0.00000000E+00  0.00000000E+00  0.00000000E+00  0.00000000E+00  0.00000000E+00  0.00000000E+00
00032  7.10128941E+07  4.99999394E-01 -1.41538465E+00 -3.38871321E-01  3.57727899E+00  6.92891049E+00  4.85267536E+00  1.59148631E+01 -1.08846154E+00  6.97971020E-01  2.81912377E-01  3.53751757E-03  1.06833517E-03  1.00996559E-02  9.86223623E+02  1.12195680E+08  1.35403766E+11  3.83513203E-02  3.64630520E-06  0.00000000E+00  0.00000000E+00  0.00000000E+00  0.00000000E+00  0.00000000E+00  0.00000000E+00  0.00000000E+00  0.00000000E+00  0.00000000E+00
00033  8.52554730E+07  4.99999272E-01 -1.41536220E+00 -3.38863308E-01  3.57728060E+00  6.92892231E+00  4.85273924E+00  1.59149046E+01 -1.08841116E+00  6.97866757E-01  2.82016584E-01  3.53718516E-03  1.06872298E-03  1.00996559E-02  9.86251037E+02  1.12187756E+08  1.35396733E+11  3.83533365E-02  3.64820530E-06  0.00000000E+00  0.00000000E+00  0.00000000E+00  0.00000000E+00  0.00000000E+00  0.00000000E+00  0.00000000E+00  0.00000000E+00  0.00000000E+00
00034  1.02346568E+08  4.99999126E-01 -1.41533477E+00 -3.38853536E-01  3.57728257E+00  6.92893651E+00  4.85281611E+00  1.59149546E+01 -1.08835022E+00  6.97741644E-01  2.82141630E-01  3.53678603E-03  1.06918867E-03  1.00996559E-02  9.86284468E+02  1.12178081E+08  1.35388142E+11  3.83557612E-02  3.65048751E-06  0.00000000E+00  0.00000000E+00  0.00000000E+00  0.00000000E+00  0.00000000E+00  0.00000000E+00  0.00000000E+00  0.00000000E+00  0.00000000E+00
00035  1.22855881E+08  4.99998951E-01 -1.41530167E+00 -3.38841708E-01  3.57728493E+00  6.92895357E+00  4.85290851E+00  1.59150148E+01 -1.08827679E+00  6.97591512E-01  2.82291683E-01  3.53630673E-03  1.06974786E-03  1.00996559E-02  9.86324935E+02  1.12166398E+08  1.35377777E+11  3.83586813E-02  3.65323164E-06  0.00000000E+00  0.00000000E+00  0.00000000E+00  0.00000000E+00  0.00000000E+00  0.00000000E+00  0.00000000E+00  0.00000000E+00  0.00000000E+00
00036  1.47467057E+08  4.99998741E-01 -1.41526178E+00 -3.38827466E-01  3.57728778E+00  6.92897407E+00  4.85301950E+00  1.59150871E+01 -1.08818851E+00  6.97411358E-01  2.82471741E-01  3.53573106E-03  1.07041941E-03  1.00996559E-02  9.86373662E+02  1.12152324E+08  1.35365286E+11  3.83621994E-02  3.65653246E-06  0.00000000E+00  0.00000000E+00  0.00000000E+00  0.00000000E+00  0.00000000E+00  0.00000000E+00  0.00000000E+00  0.00000000E+00  0.00000000E+00
00037  1.77000469E+08  4.99998489E-01 -1.41521380E+00 -3.38810364E-01  3.57729123E+00  6.92899870E+00  4.85315278E+00  1.59151740E+01 -1.08808249E+00  6.97195179E-01  2.82687804E-01  3.53503954E-03  1.07122614E-03  1.00996560E-02  9.86432173E+02  1.12135405E+08  1.35350263E+11  3.83664350E-02  3.66050253E-06  0.00000000E+00  0.00000000E+00  0.00000000E+00  0.00000000E+00  0.00000000E+00  0.00000000E+00  0.00000000E+00  0.00000000E+00  0.00000000E+00
00038  2.12440562E+08  4.99998186E-01 -1.41515626E+00 -3.38789836E-01  3.57729535E+00  6.92902828E+00  4.85331278E+00  1.59152784E+01 -1.08795520E+00  6.96935774E-01  2.82947071E-01  3.53420867E-03  1.07219557E-03  1.00996559E-02  9.86502416E+02  1.12115114E+08  1.35332250E+11  3.83715241E-02  3.66527495E-06  0.00000000E+00  0.00000000E+00  0.00000000E+00  0.00000000E+00  0.00000000E+00  0.00000000E+00  0.00000000E+00  0.00000000E+00  0.00000000E+00
00039  2.54968675E+08  4.99997822E-01 -1.41508722E+00 -3.38765199E-01  3.57730029E+00  6.92906379E+00  4.85350484E+00  1.59154037E+01 -1.08780236E+00  6.96624501E-01  2.83258177E-01  3.53321012E-03  1.07336067E-03  1.00996558E-02  9.86586721E+02  1.12090771E+08  1.35310640E+11  3.83776329E-02  3.67101245E-06  0.00000000E+00  0.00000000E+00  0.00000000E+00  0.00000000E+00  0.00000000E+00  0.00000000E+00  0.00000000E+00  0.00000000E+00  0.00000000E+00
00040  3.06002410E+08  4.99997386E-01 -1.41500437E+00 -3.38735637E-01  3.57730622E+00  6.92910643E+00  4.85373541E+00  1.59155542E+01 -1.08761885E+00  6.96250993E-01  2.83631485E-01  3.53200969E-03  1.07476129E-03  1.00996557E-02  9.86687890E+02  1.12061566E+08  1.35284711E+11  3.83849662E-02  3.67791168E-06  0.00000000E+00  0.00000000E+00  0.00000000E+00  0.00000000E+00  0.00000000E+00  0.00000000E+00  0.00000000E+00  0.00000000E+00  0.00000000E+00
00041  3.67242892E+08  4.99996863E-01 -1.41490457E+00 -3.38700237E-01  3.57731347E+00  6.92915765E+00  4.85401223E+00  1.59157349E+01 -1.08739855E+00  6.95802810E-01  2.84079427E-01  3.53056603E-03  1.07644558E-03  1.00996557E-02  9.86809055E+02  1.12026449E+08  1.35253483E+11  3.83937926E-02  3.68621771E-06  0.00000000E+00  0.00000000E+00  0.00000000E+00  0.00000000E+00  0.00000000E+00  0.00000000E+00  0.00000000E+00  0.00000000E+00  0.00000000E+00
00042  4.40731470E+08  4.99996235E-01 -1.41478568E+00 -3.38657598E-01  3.57732187E+00  6.92921906E+00  4.85434453E+00  1.59159518E+01 -1.08713374E+00  6.95265031E-01  2.84616917E-01  3.52882912E-03  1.07847262E-03  1.00996550E-02  9.86955014E+02  1.11984510E+08  1.35216294E+11  3.84043405E-02  3.69619565E-06  0.00000000E+00  0.00000000E+00  0.00000000E+00  0.00000000E+00  0.00000000E+00  0.00000000E+00  0.00000000E+00  0.00000000E+00  0.00000000E+00
00043  5.28917764E+08  4.99995481E-01 -1.41464240E+00 -3.38606507E-01  3.57733215E+00  6.92929284E+00  4.85474357E+00  1.59162123E+01 -1.08681568E+00  6.94619754E-01  2.85261846E-01  3.52673830E-03  1.08091165E-03  1.00996551E-02  9.87129933E+02  1.11934064E+08  1.35171487E+11  3.84170282E-02  3.70821641E-06  0.00000000E+00  0.00000000E+00  0.00000000E+00  0.00000000E+00  0.00000000E+00  0.00000000E+00  0.00000000E+00  0.00000000E+00  0.00000000E+00
00044  6.34741317E+08  4.99994576E-01 -1.41447097E+00 -3.38545085E-01  3.57734430E+00  6.92938137E+00  4.85522279E+00  1.59165253E+01 -1.08643324E+00  6.93845505E-01  2.86035675E-01  3.52421987E-03  1.08384990E-03  1.00996551E-02  9.87340263E+02  1.11873660E+08  1.35117895E+11  3.84322281E-02  3.72268518E-06  0.00000000E+00  0.00000000E+00  0.00000000E+00  0.00000000E+00  0.00000000E+00  0.00000000E+00  0.00000000E+00  0.00000000E+00  0.00000000E+00
00045  7.61729581E+08  4.99993490E-01 -1.41426455E+00 -3.38471515E-01  3.57735912E+00  6.92948777E+00  4.85579845E+00  1.59169014E+01 -1.08597359E+00  6.92916527E-01  2.86964147E-01  3.52118412E-03  1.08739232E-03  1.00996543E-02  9.87592252E+02  1.11801072E+08  1.35053395E+11  3.84505218E-02  3.74013930E-06  0.00000000E+00  0.00000000E+00  0.00000000E+00  0.00000000E+00  0.00000000E+00  0.00000000E+00  0.00000000E+00  0.00000000E+00  0.00000000E+00
00046  9.14115497E+08  4.99992186E-01 -1.41401726E+00 -3.38383011E-01  3.57737669E+00  6.92961514E+00  4.85648939E+00  1.59173523E+01 -1.08542073E+00  6.91801935E-01  2.88078129E-01  3.51752155E-03  1.09166548E-03  1.00996544E-02  9.87895474E+02  1.11714079E+08  1.34976165E+11  3.84725012E-02  3.76112618E-06  0.00000000E+00  0.00000000E+00  0.00000000E+00  0.00000000E+00  0.00000000E+00  0.00000000E+00  0.00000000E+00  0.00000000E+00  0.00000000E+00
00047  1.09697860E+09  4.99990621E-01 -1.41372030E+00 -3.38276916E-01  3.57739788E+00  6.92976856E+00  4.85732021E+00  1.59178954E+01 -1.08475566E+00  6.90464680E-01  2.89414647E-01  3.51309789E-03  1.09682623E-03  1.00996544E-02  9.88259090E+02  1.11609750E+08  1.34883481E+11  3.84988383E-02  3.78655072E-06  0.00000000E+00  0.00000000E+00  0.00000000E+00  0.00000000E+00  0.00000000E+00  0.00000000E+00  0.00000000E+00  0.00000000E+00  0.00000000E+00
00048  1.31641432E+09  4.99988741E-01 -1.41336425E+00 -3.38149496E-01  3.57742318E+00  6.92995291E+00  4.85831877E+00  1.59185484E+01 -1.08395509E+00  6.88860345E-01  2.91018090E-01  3.50774807E-03  1.10306763E-03  1.00996543E-02  9.88695972E+02  1.11484735E+08  1.34772439E+11  3.85304692E-02  3.81730368E-06  0.00000000E+00  0.00000000E+00  0.00000000E+00  0.00000000E+00  0.00000000E+00  0.00000000E+00  0.00000000E+00  0.00000000E+00  0.00000000E+00
00049  1.57973718E+09  4.99986485E-01 -1.41293701E+00 -3.37996525E-01  3.57745351E+00  6.93017448E+00  4.85951934E+00  1.59193340E+01 -1.08299082E+00  6.86935684E-01  2.92941672E-01  3.50126814E-03  1.11062904E-03  1.00996524E-02  9.89220710E+02  1.11334888E+08  1.34639314E+11  3.85684593E-02  3.85455283E-06  0.00000000E+00  0.00000000E+00  0.00000000E+00  0.00000000E+00  0.00000000E+00  0.00000000E+00  0.00000000E+00  0.00000000E+00  0.00000000E+00
00050  1.89572461E+09  4.99983776E-01 -1.41242448E+00 -3.37812835E-01  3.57748979E+00  6.93044090E+00  4.86096328E+00  1.59202796E+01 -1.08182873E+00  6.84626880E-01  2.95249165E-01  3.49340474E-03  1.11980325E-03  1.00996521E-02  9.89851196E+02  1.11155344E+08  1.34479784E+11  3.86140831E-02  3.89977837E-06  0.00000000E+00  0.00000000E+00  0.00000000E+00  0.00000000E+00  0.00000000E+00  0.00000000E+00  0.00000000E+00  0.00000000E+00  0.00000000E+00
00051  2.27490954E+09  4.99980522E-01 -1.41180944E+00 -3.37592257E-01  3.57753327E+00  6.93076133E+00  4.86270091E+00  1.59214186E+01 -1.08042636E+00  6.81857469E-01  2.98016981E-01  3.48384123E-03  1.13097155E-03  1.00996424E-02  9.90608825E+02  1.10940233E+08  1.34288597E+11  3.86689020E-02  3.95478382E-06  0.00000000E+00  0.00000000E+00  0.00000000E+00  0.00000000E+00  0.00000000E+00  0.00000000E+00  0.00000000E+00  0.00000000E+00  0.00000000E+00
00052  2.72993145E+09  4.99976614E-01 -1.41107178E+00 -3.37327201E-01  3.57758515E+00  6.93114679E+00  4.86479276E+00  1.59227909E+01 -1.07873268E+00  6.78535875E-01  3.01336631E-01  3.47217898E-03  1.14458080E-03  1.00996389E-02  9.91519987E+02  1.10682655E+08  1.34059649E+11  3.87347577E-02  4.02186902E-06  0.00000000E+00  0.00000000E+00  0.00000000E+00  0.00000000E+00  0.00000000E+00  0.00000000E+00  0.00000000E+00  0.00000000E+00  0.00000000E+00
00053  3.27595773E+09  4.99971918E-01 -1.41018689E+00 -3.37008753E-01  3.57764715E+00  6.93161082E+00  4.86731271E+00  1.59244462E+01 -1.07668490E+00  6.74552474E-01  3.05317658E-01  3.45791198E-03  1.16122360E-03  1.00996376E-02  9.92615803E+02  1.10374329E+08  1.33785521E+11  3.88139015E-02  4.10396995E-06  0.00000000E+00  0.00000000E+00  0.00000000E+00  0.00000000E+00  0.00000000E+00  0.00000000E+00  0.00000000E+00  0.00000000E+00  0.00000000E+00
00054  3.93118928E+09  4.99966276E-01 -1.40912484E+00 -3.36626041E-01  3.57772131E+00  6.93216944E+00  4.87035052E+00  1.59264440E+01 -1.07420433E+00  6.69776129E-01  3.10091083E-01  3.44039202E-03  1.18165685E-03  1.00996444E-02  9.93934358E+02  1.10005276E+08  1.33457248E+11  3.89091192E-02  4.20473831E-06  0.00000000E+00  0.00000000E+00  0.00000000E+00  0.00000000E+00  0.00000000E+00  0.00000000E+00  0.00000000E+00  0.00000000E+00  0.00000000E+00
00055  4.71746714E+09  4.99959494E-01 -1.40785093E+00 -3.36166322E-01  3.57780993E+00  6.93284323E+00  4.87401690E+00  1.59288600E+01 -1.07119493E+00  6.64050053E-01  3.15813554E-01  3.41877884E-03  1.20691602E-03  1.00996035E-02  9.95520548E+02  1.09564054E+08  1.33064546E+11  3.90236261E-02  4.32919353E-06  0.00000000E+00  0.00000000E+00  0.00000000E+00  0.00000000E+00  0.00000000E+00  0.00000000E+00  0.00000000E+00  0.00000000E+00  0.00000000E+00
00056  5.66100056E+09  4.99951338E-01 -1.40621937E+00 -3.35583988E-01  3.57792665E+00  6.93367439E+00  4.87845636E+00  1.59318125E+01 -1.06758063E+00  6.57185542E-01  3.22673595E-01  3.39194658E-03  1.23821436E-03  1.00996073E-02  9.97532999E+02  1.09003397E+08  1.32563424E+11  3.91705585E-02  4.48789031E-06  0.00000000E+00  0.00000000E+00  0.00000000E+00  0.00000000E+00  0.00000000E+00  0.00000000E+00  0.00000000E+00  0.00000000E+00  0.00000000E+00
00057  6.79324068E+09  4.99941526E-01 -1.40426153E+00 -3.34883661E-01  3.57806594E+00  6.93467930E+00  4.88382853E+00  1.59353951E+01 -1.06317471E+00  6.48958398E-01  3.30895158E-01  3.35841206E-03  1.27730268E-03  1.00996350E-02  9.99958609E+02  1.08334012E+08  1.31964573E+11  3.93478284E-02  4.68654597E-06  0.00000000E+00  0.00000000E+00  0.00000000E+00  0.00000000E+00  0.00000000E+00  0.00000000E+00  0.00000000E+00  0.00000000E+00  0.00000000E+00
00058  8.15192881E+09  4.99929714E-01 -1.40191279E+00 -3.34040331E-01  3.57823146E+00  6.93589543E+00  4.89034084E+00  1.59397519E+01 -1.05778278E+00  6.39101578E-01  3.40744930E-01  3.31616799E-03  1.32668992E-03  1.00995390E-02  1.00288734E+03  1.07535593E+08  1.31249711E+11  3.95615502E-02  4.93716415E-06  0.00000000E+00  0.00000000E+00  0.00000000E+00  0.00000000E+00  0.00000000E+00  0.00000000E+00  0.00000000E+00  0.00000000E+00  0.00000000E+00
00059  9.78235458E+09  4.99915487E-01 -1.39909603E+00 -3.33023663E-01  3.57842732E+00  6.93736912E+00  4.89825051E+00  1.59450633E+01 -1.05115819E+00  6.27297905E-01  3.52539652E-01  3.26246283E-03  1.38934530E-03  1.00995395E-02  1.00642944E+03  1.06584507E+08  1.30397490E+11  3.98194098E-02  5.25625825E-06  0.00000000E+00  0.00000000E+00  0.00000000E+00  0.00000000E+00  0.00000000E+00  0.00000000E+00  0.00000000E+00  0.00000000E+00  0.00000000E+00
00060  1.17388655E+10  4.99898334E-01 -1.39560018E+00 -3.31765417E-01  3.57867216E+00  6.93918035E+00  4.90789351E+00  1.59515930E+01 -1.04303448E+00  6.13168317E-01  3.66657724E-01  3.19337220E-03  1.46996198E-03  1.00995294E-02  1.01083006E+03  1.05416886E+08  1.29347631E+11  4.01416330E-02  5.67360108E-06  0.00000000E+00  0.00000000E+00  0.00000000E+00  0.00000000E+00  0.00000000E+00  0.00000000E+00  0.00000000E+00  0.00000000E+00  0.00000000E+00
00061  1.39251170E+10  4.99879062E-01 -1.39156579E+00 -3.30315450E-01  3.57895577E+00  6.94125654E+00  4.91886973E+00  1.59590919E+01 -1.03370768E+00  5.97423441E-01  3.82388693E-01  3.10992781E-03  1.56731546E-03  1.00995276E-02  1.01592459E+03  1.04086005E+08  1.28146677E+11  4.05166509E-02  6.18782052E-06  0.00000000E+00  0.00000000E+00  0.00000000E+00  0.00000000E+00  0.00000000E+00  0.00000000E+00  0.00000000E+00  0.00000000E+00  0.00000000E+00
00062  1.60330259E+10  4.99860383E-01 -1.38769329E+00 -3.28912324E-01  3.57922234E+00  6.94328448E+00  4.92964787E+00  1.59664942E+01 -1.02437699E+00  5.82291209E-01  3.97506501E-01  3.02337577E-03  1.66827678E-03  1.00995435E-02  1.02087901E+03  1.02821575E+08  1.27004356E+11  4.08798418E-02  6.72770710E-06  0.00000000E+00  0.00000000E+00  0.00000000E+00  0.00000000E+00  0.00000000E+00  0.00000000E+00  0.00000000E+00  0.00000000E+00  0.00000000E+00
00063  1.80289919E+10  4.99842602E-01 -1.38383235E+00 -3.27523857E-01  3.57949334E+00  6.94526309E+00  4.94004949E+00  1.59737123E+01 -1.01531926E+00  5.68008190E-01  4.11774886E-01  2.93559672E-03  1.77069576E-03  1.00995366E-02  1.02580474E+03  1.01579004E+08  1.25875796E+11  4.12449229E-02  7.29469322E-06  0.00000000E+00  0.00000000E+00  0.00000000E+00  0.00000000E+00  0.00000000E+00  0.00000000E+00  0.00000000E+00  0.00000000E+00  0.00000000E+00
00064  1.99703955E+10  4.99825216E-01 -1.38004296E+00 -3.26155042E-01  3.57975628E+00  6.94721849E+00  4.95034226E+00  1.59808983E+01 -1.00622628E+00  5.54162596E-01  4.25605291E-01  2.84446167E-03  1.87701091E-03  1.00995464E-02  1.03068386E+03  1.00372684E+08  1.24777918E+11  4.16065624E-02  7.89370129E-06  0.00000000E+00  0.00000000E+00  0.00000000E+00  0.00000000E+00  0.00000000E+00  0.00000000E+00  0.00000000E+00  0.00000000E+00  0.00000000E+00
00065  2.19066868E+10  4.99807785E-01 -1.37628227E+00 -3.24786556E-01  3.58001221E+00  6.94919219E+00  4.96078050E+00  1.59882228E+01 -9.96848387E-01  5.40405127E-01  4.39346627E-01  2.74766342E-03  1.98995485E-03  1.00995331E-02  1.03558507E+03  9.91873001E+07  1.23697779E+11  4.19686730E-02  8.53764596E-06  0.00000000E+00  0.00000000E+00  0.00000000E+00  0.00000000E+00  0.00000000E+00  0.00000000E+00  0.00000000E+00  0.00000000E+00  0.00000000E+00
00066  2.38393434E+10  4.99790290E-01 -1.37227186E+00 -3.23344557E-01  3.58029381E+00  6.95123252E+00  4.97139891E+00  1.59957628E+01 -9.87291820E-01  5.26722445E-01  4.53012164E-01  2.64480791E-03  2.10995531E-03  1.00995335E-02  1.04077386E+03  9.79429656E+07  1.22556481E+11  4.23579884E-02  9.25126966E-06  0.00000000E+00  0.00000000E+00  0.00000000E+00  0.00000000E+00  0.00000000E+00  0.00000000E+00  0.00000000E+00  0.00000000E+00  0.00000000E+00
00067  2.57257587E+10  4.99773118E-01 -1.36836680E+00 -3.21930172E-01  3.58056288E+00  6.95325008E+00  4.98194102E+00  1.60032885E+01 -9.77648402E-01  5.13418378E-01  4.66298493E-01  2.53837203E-03  2.23412822E-03  1.00995343E-02  1.04588857E+03  9.67439828E+07  1.21455253E+11  4.27407709E-02  1.00014145E-05  0.00000000E+00  0.00000000E+00  0.00000000E+00  0.00000000E+00  0.00000000E+00  0.00000000E+00  0.00000000E+00  0.00000000E+00  0.00000000E+00
00068  2.75824980E+10  4.99756124E-01 -1.36451949E+00 -3.20528216E-01  3.58082373E+00  6.95526386E+00  4.99249332E+00  1.60108649E+01 -9.67847958E-01  5.00377521E-01  4.79320909E-01  2.42772892E-03  2.36321486E-03  1.00995312E-02  1.05098310E+03  9.55751893E+07  1.20379970E+11  4.31212605E-02  1.07952386E-05  0.00000000E+00  0.00000000E+00  0.00000000E+00  0.00000000E+00  0.00000000E+00  0.00000000E+00  0.00000000E+00  0.00000000E+00  0.00000000E+00
00069  2.94234919E+10  4.99739177E-01 -1.36045284E+00 -3.19064029E-01  3.58110830E+00  6.95733000E+00  5.00315311E+00  1.60186071E+01 -9.57928650E-01  4.87498335E-01  4.92180823E-01  2.31207220E-03  2.49799624E-03  1.00996797E-02  1.05632943E+03  9.43593341E+07  1.19253970E+11  4.35268268E-02  1.16638511E-05  0.00000000E+00  0.00000000E+00  0.00000000E+00  0.00000000E+00  0.00000000E+00  0.00000000E+00  0.00000000E+00  0.00000000E+00  0.00000000E+00
00070  3.12252738E+10  4.99722495E-01 -1.35648870E+00 -3.17625673E-01  3.58138016E+00  6.95937768E+00  5.01376190E+00  1.60263533E+01 -9.47897741E-01  4.74947073E-01  5.04712320E-01  2.19332789E-03  2.63646533E-03  1.00997196E-02  1.06160795E+03  9.31865824E+07  1.18166457E+11  4.39261021E-02  1.25726436E-05  0.00000000E+00  0.00000000E+00  0.00000000E+00  0.00000000E+00  0.00000000E+00  0.00000000E+00  0.00000000E+00  0.00000000E+00  0.00000000E+00
00071  3.30052650E+10  4.99705921E-01 -1.35256736E+00 -3.16194251E-01  3.58164478E+00  6.96142885E+00  5.02441891E+00  1.60341803E+01 -9.37669415E-01  4.62604397E-01  5.17034586E-01  2.07086047E-03  2.77933861E-03  1.00997240E-02  1.06688718E+03  9.20389828E+07  1.17100424E+11  4.43246442E-02  1.35309413E-05  0.00000000E+00  0.00000000E+00  0.00000000E+00  0.00000000E+00  0.00000000E+00  0.00000000E+00  0.00000000E+00  0.00000000E+00  0.00000000E+00
00072  3.47703302E+10  4.99689387E-01 -1.34841527E+00 -3.14698733E-01  3.58193505E+00  6.96353274E+00  5.03518412E+00  1.60421784E+01 -9.27314464E-01  4.50420832E-01  5.29197091E-01  1.94457147E-03  2.92664807E-03  1.00997637E-02  1.07243001E+03  9.08438345E+07  1.15982377E+11  4.47502798E-02  1.45730030E-05  0.00000000E+00  0.00000000E+00  0.00000000E+00  0.00000000E+00  0.00000000E+00  0.00000000E+00  0.00000000E+00  0.00000000E+00  0.00000000E+00
00073  3.64962865E+10  4.99673122E-01 -1.34436843E+00 -3.13229397E-01  3.58221209E+00  6.96561548E+00  5.04588793E+00  1.60501750E+01 -9.16851057E-01  4.38566148E-01  5.41030530E-01  1.81701648E-03  3.07546144E-03  1.00997496E-02  1.07790387E+03  8.96914427E+07  1.14902910E+11  4.51693467E-02  1.56525913E-05  0.00000000E+00  0.00000000E+00  0.00000000E+00  0.00000000E+00  0.00000000E+00  0.00000000E+00  0.00000000E+00  0.00000000E+00  0.00000000E+00
00074  3.82012650E+10  4.99656960E-01 -1.34038152E+00 -3.11771294E-01  3.58247976E+00  6.96769926E+00  5.05663770E+00  1.60582527E+01 -9.06177872E-01  4.26917428E-01  5.52657693E-01  1.68765796E-03  3.22637921E-03  1.00997475E-02  1.08336352E+03  8.85682172E+07  1.13849223E+11  4.55860445E-02  1.67781626E-05  0.00000000E+00  0.00000000E+00  0.00000000E+00  0.00000000E+00  0.00000000E+00  0.00000000E+00  0.00000000E+00  0.00000000E+00  0.00000000E+00
00075  3.98946739E+10  4.99640806E-01 -1.33614700E+00 -3.10245310E-01  3.58277540E+00  6.96984013E+00  5.06751115E+00  1.60665181E+01 -8.95361531E-01  4.15407262E-01  5.64145977E-01  1.55635899E-03  3.37956518E-03  1.00997429E-02  1.08910614E+03  8.73955508E+07  1.12740905E+11  4.60324931E-02  1.79942216E-05  0.00000000E+00  0.00000000E+00  0.00000000E+00  0.00000000E+00  0.00000000E+00  0.00000000E+00  0.00000000E+00  0.00000000E+00  0.00000000E+00
00076  4.15504605E+10  4.99624913E-01 -1.33199892E+00 -3.08740947E-01  3.58306024E+00  6.97196388E+00  5.07832309E+00  1.60747881E+01 -8.84449757E-01  4.04213575E-01  5.75317961E-01  1.42612844E-03  3.53148949E-03  1.00997513E-02  1.09479715E+03  8.62599595E+07  1.11665656E+11  4.64743532E-02  1.92446736E-05  0.00000000E+00  0.00000000E+00  0.00000000E+00  0.00000000E+00  0.00000000E+00  0.00000000E+00  0.00000000E+00  0.00000000E+00  0.00000000E+00
00077  4.31837777E+10  4.99609138E-01 -1.32791447E+00 -3.07248628E-01  3.58333519E+00  6.97408479E+00  5.08916378E+00  1.60831281E+01 -8.73339545E-01  3.93235326E-01  5.86274658E-01  1.29685398E-03  3.68233851E-03  1.00997292E-02  1.10047199E+03  8.51540007E+07  1.10616894E+11  4.69136600E-02  2.05314060E-05  0.00000000E+00  0.00000000E+00  0.00000000E+00  0.00000000E+00  0.00000000E+00  0.00000000E+00  0.00000000E+00  0.00000000E+00  0.00000000E+00
00078  4.48054321E+10  4.99593374E-01 -1.32365002E+00 -3.05706506E-01  3.58363025E+00  6.97625272E+00  5.10011951E+00  1.60916434E+01 -8.62057983E-01  3.82397968E-01  5.97090641E-01  1.16860338E-03  3.83193572E-03  1.00997571E-02  1.10636652E+03  8.40177543E+07  1.09532575E+11  4.73764580E-02  2.18972556E-05  0.00000000E+00  0.00000000E+00  0.00000000E+00  0.00000000E+00  0.00000000E+00  0.00000000E+00  0.00000000E+00  0.00000000E+00  0.00000000E+00
00079  4.63971413E+10  4.99577800E-01 -1.31937801E+00 -3.04161385E-01  3.58392569E+00  6.97842196E+00  5.11105681E+00  1.61002092E+01 -8.50671910E-01  3.71823471E-01  6.07644360E-01  1.04393456E-03  3.97739413E-03  1.00997459E-02  1.11230395E+03  8.28947184E+07  1.08457041E+11  4.78448507E-02  2.33019514E-05  0.00000000E+00  0.00000000E+00  0.00000000E+00  0.00000000E+00  0.00000000E+00  0.00000000E+00  0.00000000E+00  0.00000000E+00  0.00000000E+00
00080  4.79628793E+10  4.99562380E-01 -1.31518077E+00 -3.02632207E-01  3.58421041E+00  6.98058424E+00  5.12199405E+00  1.61088276E+01 -8.39117657E-01  3.61486277E-01  6.17961515E-01  9.23715967E-04  4.11769083E-03  1.00997069E-02  1.11821148E+03  8.18038300E+07  1.07410592E+11  4.83097099E-02  2.47270652E-05  0.00000000E+00  0.00000000E+00  0.00000000E+00  0.00000000E+00  0.00000000E+00  0.00000000E+00  0.00000000E+00  0.00000000E+00  0.00000000E+00
00081  4.95146782E+10  4.99546996E-01 -1.31091948E+00 -3.01082442E-01  3.58450085E+00  6.98276988E+00  5.13301976E+00  1.61175852E+01 -8.27343473E-01  3.51308706E-01  6.28119857E-01  8.08197924E-04  4.25239011E-03  1.00997549E-02  1.12423029E+03  8.07115771E+07  1.06358559E+11  4.87861793E-02  2.61967653E-05  0.00000000E+00  0.00000000E+00  0.00000000E+00  0.00000000E+00  0.00000000E+00  0.00000000E+00  0.00000000E+00  0.00000000E+00  0.00000000E+00
00082  5.10466829E+10  4.99531704E-01 -1.30650486E+00 -2.99492494E-01  3.58480953E+00  6.98498298E+00  5.14410118E+00  1.61264725E+01 -8.15415087E-01  3.41330189E-01  6.38080162E-01  6.98929437E-04  4.37987887E-03  1.00997472E-02  1.13043827E+03  7.95984625E+07  1.05279674E+11  4.92846439E-02  2.77226346E-05  0.00000000E+00  0.00000000E+00  0.00000000E+00  0.00000000E+00  0.00000000E+00  0.00000000E+00  0.00000000E+00  0.00000000E+00  0.00000000E+00
00083  5.25474235E+10  4.99516621E-01 -1.30218094E+00 -2.97924278E-01  3.58510640E+00  6.98717530E+00  5.15514063E+00  1.61353799E+01 -8.03331465E-01  3.31625841E-01  6.47767638E-01  5.97674675E-04  4.49799330E-03  1.00997593E-02  1.13659497E+03  7.85210882E+07  1.04233541E+11  4.97781414E-02  2.92432275E-05  0.00000000E+00  0.00000000E+00  0.00000000E+00  0.00000000E+00  0.00000000E+00  0.00000000E+00  0.00000000E+00  0.00000000E+00  0.00000000E+00
00084  5.40312285E+10  4.99501607E-01 -1.29790394E+00 -2.96362214E-01  3.58539462E+00  6.98936783E+00  5.16623807E+00  1.61443899E+01 -7.90986880E-01  3.22103658E-01  6.57274259E-01  5.04295123E-04  4.60696200E-03  1.00997312E-02  1.14276086E+03  7.74677863E+07  1.03208971E+11  5.02712492E-02  3.07637342E-05  0.00000000E+00  0.00000000E+00  0.00000000E+00  0.00000000E+00  0.00000000E+00  0.00000000E+00  0.00000000E+00  0.00000000E+00  0.00000000E+00
00085  5.55035493E+10  4.99486602E-01 -1.29339637E+00 -2.94741367E-01  3.58571109E+00  6.99160850E+00  5.17744797E+00  1.61535883E+01 -7.78456115E-01  3.12726079E-01  6.66637633E-01  4.19063784E-04  4.70638735E-03  1.00997433E-02  1.14919347E+03  7.63777105E+07  1.02140230E+11  5.07958848E-02  3.23463783E-05  0.00000000E+00  0.00000000E+00  0.00000000E+00  0.00000000E+00  0.00000000E+00  0.00000000E+00  0.00000000E+00  0.00000000E+00  0.00000000E+00
00086  5.69448941E+10  4.99471807E-01 -1.28892104E+00 -2.93129002E-01  3.58602374E+00  6.99383821E+00  5.18861013E+00  1.61628147E+01 -7.65817213E-01  3.03616144E-01  6.75734956E-01  3.43490206E-04  4.79460342E-03  1.00997125E-02  1.15562819E+03  7.53100972E+07  1.01090101E+11  5.13225444E-02  3.39175105E-05  0.00000000E+00  0.00000000E+00  0.00000000E+00  0.00000000E+00  0.00000000E+00  0.00000000E+00  0.00000000E+00  0.00000000E+00  0.00000000E+00
00087  5.83645828E+10  4.99457130E-01 -1.28450738E+00 -2.91527620E-01  3.58632646E+00  6.99606182E+00  5.19978764E+00  1.61721126E+01 -7.52970731E-01  2.94714521E-01  6.84625511E-01  2.77226014E-04  4.87182215E-03  1.00998257E-02  1.16205473E+03  7.42698658E+07  1.00065002E+11  5.18475348E-02  3.54643244E-05  0.00000000E+00  0.00000000E+00  0.00000000E+00  0.00000000E+00  0.00000000E+00  0.00000000E+00  0.00000000E+00  0.00000000E+00  0.00000000E+00
00088  5.97727244E+10  4.99442467E-01 -1.28007644E+00 -2.89916532E-01  3.58662865E+00  6.99830302E+00  5.21106039E+00  1.61815581E+01 -7.39851844E-01  2.85957835E-01  6.93372632E-01  2.19827364E-04  4.93879901E-03  1.00998125E-02  1.16855616E+03  7.32394565E+07  9.90463598E+10  5.23800076E-02  3.70055732E-05  0.00000000E+00  0.00000000E+00  0.00000000E+00  0.00000000E+00  0.00000000E+00  0.00000000E+00  0.00000000E+00  0.00000000E+00  0.00000000E+00
00089  6.11662450E+10  4.99427845E-01 -1.27540221E+00 -2.88247247E-01  3.58696257E+00  7.00059129E+00  5.22241567E+00  1.61911758E+01 -7.26593753E-01  2.77361957E-01  7.01960402E-01  1.71172744E-04  4.99558446E-03  1.00997891E-02  1.17533014E+03  7.21732352E+07  9.79831909E+10  5.29473136E-02  3.86011963E-05  0.00000000E+00  0.00000000E+00  2.98079268E-12  0.00000000E+00  0.00000000E+00  0.00000000E+00  0.00000000E+00  0.00000000E+00  0.00000000E+00
00090  6.25279695E+10  4.99413448E-01 -1.27082523E+00 -2.86601892E-01  3.58728414E+00  7.00285629E+00  5.23369983E+00  1.62007952E+01 -7.13224701E-01  2.69033324E-01  7.10282397E-01  1.31307608E-04  5.04209927E-03  1.00997786E-02  1.18204542E+03  7.11424463E+07  9.69531835E+10  5.35093361E-02  4.01495912E-05  0.00000000E+00  0.00000000E+00  2.62948250E-11  0.00000000E+00  0.00000000E+00  0.00000000E+00  0.00000000E+00  0.00000000E+00  0.00000000E+00
00091  6.38731304E+10  4.99399119E-01 -1.26629139E+00 -2.84961231E-01  3.58759726E+00  7.00512199E+00  5.24503198E+00  1.62105186E+01 -6.99602928E-01  2.60880296E-01  7.18430063E-01  9.90819455E-05  5.07969860E-03  1.00997666E-02  1.18877972E+03  7.01341237E+07  9.59435483E+10  5.40721402E-02  4.16641959E-05  0.00000000E+00  0.00000000E+00  6.63015662E-11  0.00000000E+00  0.00000000E+00  0.00000000E+00  0.00000000E+00  0.00000000E+00  0.00000000E+00
00092  6.52078268E+10  4.99384792E-01 -1.26168316E+00 -2.83298862E-01  3.58791814E+00  7.00741444E+00  5.25646713E+00  1.62204102E+01 -6.85717364E-01  2.52864807E-01  7.26441295E-01  7.35778281E-05  5.10946321E-03  1.00997622E-02  1.19564203E+03  6.91247942E+07  9.49281640E+10  5.46501640E-02  4.31834042E-05  0.00000000E+00  0.00000000E+00  1.15387745E-10  0.00000000E+00  0.00000000E+00  0.00000000E+00  0.00000000E+00  0.00000000E+00  0.00000000E+00
00093  6.65244180E+10  4.99370545E-01 -1.25688484E+00 -2.81594795E-01  3.58826568E+00  7.00974087E+00  5.26794651E+00  1.62304396E+01 -6.71710779E-01  2.45029231E-01  7.34273644E-01  5.40241339E-05  5.13234673E-03  1.00996599E-02  1.20271705E+03  6.80936615E+07  9.38824413E+10  5.52584128E-02  4.47447790E-05  0.00000000E+00  0.00000000E+00  1.74210447E-10  0.00000000E+00  0.00000000E+00  0.00000000E+00  0.00000000E+00  0.00000000E+00  0.00000000E+00
00094  6.78130420E+10  4.99356490E-01 -1.25217376E+00 -2.79910480E-01  3.58860130E+00  7.01205079E+00  5.27937085E+00  1.62404876E+01 -6.57589728E-01  2.37430141E-01  7.41870325E-01  3.95479626E-05  5.14925919E-03  1.00996333E-02  1.20975117E+03  6.70944880E+07  9.28669259E+10  5.58627481E-02  4.62621648E-05  0.00000000E+00  0.00000000E+00  2.37319381E-10  0.00000000E+00  0.00000000E+00  0.00000000E+00  0.00000000E+00  0.00000000E+00  0.00000000E+00
00095  6.90872608E+10  4.99342480E-01 -1.24749535E+00 -2.78228196E-01  3.58892976E+00  7.01436772E+00  5.29085500E+00  1.62506553E+01 -6.43213967E-01  2.29986281E-01  7.49312440E-01  2.90632293E-05  5.16151977E-03  1.00996017E-02  1.21681784E+03  6.61152713E+07  9.18693152E+10  5.64696272E-02  4.77525755E-05  0.00000000E+00  0.00000000E+00  3.17453584E-10  0.00000000E+00  0.00000000E+00  0.00000000E+00  0.00000000E+00  0.00000000E+00  0.00000000E+00
00096  7.03513699E+10  4.99328468E-01 -1.24275328E+00 -2.76526665E-01  3.58926451E+00  7.01671102E+00  5.30244047E+00  1.62609918E+01 -6.28571632E-01  2.22671410E-01  7.56626090E-01  2.17079100E-05  5.17015673E-03  1.00995410E-02  1.22400716E+03  6.51379074E+07  9.08690976E+10  5.70914904E-02  4.92518991E-05  0.00000000E+00  0.00000000E+00  3.93800225E-10  0.00000000E+00  0.00000000E+00  0.00000000E+00  0.00000000E+00  0.00000000E+00  0.00000000E+00
00097  7.15990453E+10  4.99314519E-01 -1.23779285E+00 -2.74780189E-01  3.58963138E+00  7.01909606E+00  5.31407749E+00  1.62714793E+01 -6.13823114E-01  2.15518320E-01  7.63778373E-01  1.67613448E-05  5.17592195E-03  1.00995290E-02  1.23143003E+03  6.41361125E+07  8.98346029E+10  5.77489364E-02  5.08264699E-05  0.00000000E+00  0.00000000E+00  5.13613123E-10  0.00000000E+00  0.00000000E+00  0.00000000E+00  0.00000000E+00  0.00000000E+00  0.00000000E+00
00098  7.28195375E+10  4.99300759E-01 -1.23291659E+00 -2.73053650E-01  3.58998717E+00  7.02146466E+00  5.32565344E+00  1.62819799E+01 -5.98976005E-01  2.08586573E-01  7.70709613E-01  1.35936326E-05  5.17965146E-03  1.00994757E-02  1.23881237E+03  6.31649132E+07  8.88291346E+10  5.84033145E-02  5.23680984E-05  0.00000000E+00  0.00000000E+00  5.92652511E-10  0.00000000E+00  0.00000000E+00  0.00000000E+00  0.00000000E+00  0.00000000E+00  0.00000000E+00
00099  7.40262918E+10  4.99287039E-01 -1.22806851E+00 -2.71327379E-01  3.59033606E+00  7.02384174E+00  5.33729151E+00  1.62926058E+01 -5.83870027E-01  2.01799664E-01  7.77496204E-01  1.16431757E-05  5.18196023E-03  1.00994346E-02  1.24623776E+03  6.22125043E+07  8.78406251E+10  5.90614512E-02  5.38993258E-05  0.00000000E+00  0.00000000E+00  7.19438011E-10  0.00000000E+00  0.00000000E+00  0.00000000E+00  0.00000000E+00  0.00000000E+00  0.00000000E+00
00100  7.52232116E+10  4.99273313E-01 -1.22323014E+00 -2.69595950E-01  3.59067994E+00  7.02623570E+00  5.34902833E+00  1.63033924E+01 -5.68458571E-01  1.95135552E-01  7.84160134E-01  1.05107653E-05  5.18333545E-03  1.00993734E-02  1.25373000E+03  6.12750959E+07  8.68650553E+10  5.97258544E-02  5.54296781E-05  0.00000000E+00  0.00000000E+00  8.24470610E-10  0.00000000E+00  0.00000000E+00  0.00000000E+00  0.00000000E+00  0.00000000E+00  0.00000000E+00
